D:/code/sort_xin/data/split_image/1_0001.png [[5.7963153e+02 3.9415594e+02 6.1480847e+02 5.2282129e+02 9.9884737e-01]
 [3.0425977e+02 3.3143799e+02 3.3969717e+02 4.7327670e+02 9.9853218e-01]
 [1.6693269e+02 3.6320731e+02 1.9247379e+02 4.8449506e+02 9.9851602e-01]
 [8.5576349e+02 1.4739500e+02 8.9378625e+02 2.5918607e+02 9.9819618e-01]
 [1.1254647e+03 1.6891658e+02 1.1744962e+03 2.6935434e+02 9.9800605e-01]
 [6.3140436e+02 1.4342624e+02 6.7134174e+02 2.3874556e+02 9.9775761e-01]
 [2.0832635e+02 2.0756622e+02 2.5632135e+02 2.9523999e+02 9.9718839e-01]
 [1.6514012e+03 3.1928177e+02 1.7201405e+03 3.8429605e+02 9.9690068e-01]
 [4.7838104e+02 1.5620883e+02 5.2157568e+02 2.5531580e+02 9.9482524e-01]
 [8.9776312e+02 1.7089532e+02 9.4385608e+02 2.5647504e+02 9.9448884e-01]
 [4.6153741e+02 1.0090057e+02 4.8814047e+02 1.7434366e+02 9.9082571e-01]
 [8.8233972e+02 2.1550099e+02 9.3876770e+02 3.1376166e+02 9.8969018e-01]
 [7.9049243e+02 7.4856842e+02 8.3416864e+02 9.2116663e+02 9.8850274e-01]
 [1.5877229e+03 3.4062769e+02 1.6809032e+03 4.1511517e+02 7.4298382e-01]]
D:/code/sort_xin/data/split_image/1_0002.png [[5.8030450e+02 3.9427811e+02 6.1455652e+02 5.2299683e+02 9.9885356e-01]
 [1.6527327e+03 3.1304715e+02 1.7201556e+03 3.8321429e+02 9.9882346e-01]
 [1.6681630e+02 3.6282532e+02 1.9231953e+02 4.8436578e+02 9.9864143e-01]
 [3.0432465e+02 3.3157916e+02 3.3984543e+02 4.7289468e+02 9.9858272e-01]
 [8.5443573e+02 1.4776752e+02 8.9448608e+02 2.6010440e+02 9.9851328e-01]
 [1.1251298e+03 1.6871832e+02 1.1742572e+03 2.6944275e+02 9.9799228e-01]
 [6.3140094e+02 1.4256682e+02 6.7154626e+02 2.3816879e+02 9.9795234e-01]
 [8.9845221e+02 1.7068753e+02 9.4256952e+02 2.5986172e+02 9.9757105e-01]
 [2.0835184e+02 2.0763770e+02 2.5642517e+02 2.9521069e+02 9.9720806e-01]
 [4.7733603e+02 1.5677946e+02 5.2193445e+02 2.5300218e+02 9.9679130e-01]
 [4.6283835e+02 1.0006097e+02 4.8915869e+02 1.7300476e+02 9.9112445e-01]
 [8.8194775e+02 2.1539818e+02 9.3837970e+02 3.1351559e+02 9.9064422e-01]
 [7.9035565e+02 7.4862018e+02 8.3362415e+02 9.1947644e+02 9.8757625e-01]
 [1.5874895e+03 3.4129626e+02 1.6732384e+03 4.1370016e+02 6.0556704e-01]]
D:/code/sort_xin/data/split_image/1_0003.png [[1.65252026e+03 3.11941406e+02 1.71927820e+03 3.82084564e+02
  9.99056756e-01]
 [5.80982849e+02 3.94666260e+02 6.14870422e+02 5.25245667e+02
  9.98992503e-01]
 [1.66756668e+02 3.62676697e+02 1.92109818e+02 4.84264709e+02
  9.98741806e-01]
 [8.54507996e+02 1.47544815e+02 8.94650696e+02 2.60237854e+02
  9.98580933e-01]
 [3.04342010e+02 3.31919495e+02 3.39872070e+02 4.72439453e+02
  9.98561084e-01]
 [2.06870346e+02 2.06567917e+02 2.57210785e+02 2.95560913e+02
  9.98113275e-01]
 [1.12422595e+03 1.69360123e+02 1.17461035e+03 2.68535431e+02
  9.98098791e-01]
 [6.31580566e+02 1.42187683e+02 6.71505554e+02 2.36741425e+02
  9.98037755e-01]
 [8.99181885e+02 1.70462662e+02 9.42600159e+02 2.58965485e+02
  9.97927189e-01]
 [4.77175415e+02 1.56882874e+02 5.22022095e+02 2.53066437e+02
  9.96926248e-01]
 [8.81606567e+02 2.15005569e+02 9.38370300e+02 3.13549500e+02
  9.93981421e-01]
 [4.62926117e+02 1.00414604e+02 4.89514343e+02 1.72490295e+02
  9.90312815e-01]
 [7.90504028e+02 7.46614746e+02 8.32358704e+02 9.17780334e+02
  9.85683918e-01]
 [1.58742749e+03 3.39921051e+02 1.66677881e+03 4.14463287e+02
  7.42265403e-01]]
D:/code/sort_xin/data/split_image/1_0004.png [[1.6524462e+03 3.1172748e+02 1.7192826e+03 3.8210129e+02 9.9903715e-01]
 [5.8096521e+02 3.9466281e+02 6.1488116e+02 5.2522803e+02 9.9899572e-01]
 [1.6675269e+02 3.6260190e+02 1.9214000e+02 4.8416336e+02 9.9877268e-01]
 [8.5444012e+02 1.4732242e+02 8.9464929e+02 2.6019006e+02 9.9860352e-01]
 [3.0442044e+02 3.3199744e+02 3.3984888e+02 4.7227362e+02 9.9857581e-01]
 [1.1242180e+03 1.6944029e+02 1.1744841e+03 2.6847058e+02 9.9814320e-01]
 [6.3160956e+02 1.4188158e+02 6.7150574e+02 2.3663136e+02 9.9811256e-01]
 [8.9908270e+02 1.7054140e+02 9.4264832e+02 2.5912204e+02 9.9790204e-01]
 [2.0660213e+02 2.0706302e+02 2.5731409e+02 2.9612497e+02 9.9773127e-01]
 [4.7718500e+02 1.5685202e+02 5.2196527e+02 2.5300385e+02 9.9688393e-01]
 [8.8154749e+02 2.1510938e+02 9.3835114e+02 3.1344968e+02 9.9382633e-01]
 [4.6305148e+02 1.0045982e+02 4.8946722e+02 1.7239400e+02 9.8977345e-01]
 [7.9040161e+02 7.4673480e+02 8.3229248e+02 9.1795294e+02 9.8668021e-01]
 [1.5873768e+03 3.3987286e+02 1.6663877e+03 4.1449503e+02 7.5519782e-01]]
D:/code/sort_xin/data/split_image/1_0005.png [[1.6528661e+03 3.0892044e+02 1.7188748e+03 3.8025916e+02 9.9908030e-01]
 [1.6667139e+02 3.6196329e+02 1.9181740e+02 4.8407407e+02 9.9876022e-01]
 [6.3166559e+02 1.4200674e+02 6.7177393e+02 2.3522173e+02 9.9845314e-01]
 [8.5565009e+02 1.4676549e+02 8.9379150e+02 2.5902951e+02 9.9839634e-01]
 [1.1236986e+03 1.6945190e+02 1.1740051e+03 2.6967401e+02 9.9824739e-01]
 [3.0374020e+02 3.3179504e+02 3.4012601e+02 4.6931741e+02 9.9820864e-01]
 [5.8188879e+02 3.9849744e+02 6.1527661e+02 5.3024487e+02 9.9819845e-01]
 [2.0656953e+02 2.0715625e+02 2.5727972e+02 2.9612170e+02 9.9766988e-01]
 [4.7752869e+02 1.5739935e+02 5.2185132e+02 2.5280847e+02 9.9747926e-01]
 [8.9981519e+02 1.7028163e+02 9.4385309e+02 2.5753256e+02 9.9632049e-01]
 [8.8145911e+02 2.1468523e+02 9.3515717e+02 3.0998547e+02 9.9523133e-01]
 [4.6311774e+02 1.0180912e+02 4.8992001e+02 1.7219713e+02 9.8946625e-01]
 [7.9069403e+02 7.4254327e+02 8.3075897e+02 9.1945410e+02 9.8732370e-01]
 [1.5895929e+03 3.3455524e+02 1.6586508e+03 4.1690637e+02 9.7713166e-01]]
D:/code/sort_xin/data/split_image/1_0006.png [[1.65294800e+03 3.08006805e+02 1.71910046e+03 3.80461914e+02
  9.99020576e-01]
 [1.66669815e+02 3.62121155e+02 1.91613297e+02 4.84264893e+02
  9.98695791e-01]
 [6.31712524e+02 1.41984894e+02 6.71799072e+02 2.34627289e+02
  9.98487353e-01]
 [3.03576141e+02 3.32557190e+02 3.41353149e+02 4.69154419e+02
  9.98464942e-01]
 [8.55543884e+02 1.46523438e+02 8.93795898e+02 2.58970032e+02
  9.98372138e-01]
 [1.12439209e+03 1.69179993e+02 1.17368506e+03 2.69413330e+02
  9.98207092e-01]
 [2.06581573e+02 2.07153152e+02 2.57231415e+02 2.96076843e+02
  9.97725546e-01]
 [5.81988159e+02 4.00934937e+02 6.15580383e+02 5.31604492e+02
  9.97676790e-01]
 [4.77541901e+02 1.56988113e+02 5.21686340e+02 2.54118774e+02
  9.96794522e-01]
 [9.00184753e+02 1.70219269e+02 9.43827759e+02 2.57421722e+02
  9.96455193e-01]
 [8.81388550e+02 2.14548584e+02 9.34743713e+02 3.09437408e+02
  9.95993853e-01]
 [4.63016754e+02 1.01346794e+02 4.90106171e+02 1.71631165e+02
  9.88970399e-01]
 [1.59055774e+03 3.34214020e+02 1.65711731e+03 4.16840607e+02
  9.84102309e-01]
 [7.91446289e+02 7.42157593e+02 8.30195190e+02 9.17356140e+02
  9.84086931e-01]]
D:/code/sort_xin/data/split_image/1_0007.png [[1.6515212e+03 3.0909406e+02 1.7187789e+03 3.7944824e+02 9.9881977e-01]
 [6.3191388e+02 1.4181500e+02 6.7191852e+02 2.3457610e+02 9.9859458e-01]
 [3.0344559e+02 3.3283942e+02 3.4143442e+02 4.6945618e+02 9.9855632e-01]
 [1.6656645e+02 3.6259671e+02 1.9159164e+02 4.8399774e+02 9.9854374e-01]
 [8.5533508e+02 1.4635268e+02 8.9370966e+02 2.5881482e+02 9.9851424e-01]
 [1.1243876e+03 1.6879936e+02 1.1734880e+03 2.6934689e+02 9.9822658e-01]
 [2.0649388e+02 2.0687129e+02 2.5726147e+02 2.9601108e+02 9.9768186e-01]
 [5.8192633e+02 4.0333054e+02 6.1605121e+02 5.3335876e+02 9.9726295e-01]
 [9.0016077e+02 1.7001726e+02 9.4386475e+02 2.5722568e+02 9.9653924e-01]
 [8.8089789e+02 2.1419676e+02 9.3483582e+02 3.0939954e+02 9.9623090e-01]
 [4.7782516e+02 1.5744673e+02 5.2161670e+02 2.5435953e+02 9.9612314e-01]
 [4.6397589e+02 9.9838791e+01 4.8983057e+02 1.7025287e+02 9.9274206e-01]
 [7.9097437e+02 7.4207123e+02 8.2978674e+02 9.1915167e+02 9.8605227e-01]
 [1.5907015e+03 3.3379919e+02 1.6565251e+03 4.1803595e+02 9.8474008e-01]]
D:/code/sort_xin/data/split_image/1_0008.png [[1.6521820e+03 3.0878802e+02 1.7192325e+03 3.7893469e+02 9.9897766e-01]
 [8.5320654e+02 1.4643993e+02 8.9378772e+02 2.5855170e+02 9.9869078e-01]
 [6.3189905e+02 1.4174985e+02 6.7191852e+02 2.3441321e+02 9.9858737e-01]
 [3.0338083e+02 3.3303564e+02 3.4180460e+02 4.7014301e+02 9.9855536e-01]
 [1.6654886e+02 3.6241046e+02 1.9161829e+02 4.8404178e+02 9.9852306e-01]
 [1.1244229e+03 1.6942340e+02 1.1732767e+03 2.6923999e+02 9.9824917e-01]
 [2.0656995e+02 2.0687364e+02 2.5720663e+02 2.9582428e+02 9.9778420e-01]
 [5.8226984e+02 4.0432532e+02 6.1633063e+02 5.3438251e+02 9.9697101e-01]
 [9.0025372e+02 1.7003644e+02 9.4409973e+02 2.5710828e+02 9.9689674e-01]
 [8.8080981e+02 2.1440096e+02 9.3456799e+02 3.0919702e+02 9.9656099e-01]
 [4.7825299e+02 1.5726701e+02 5.2200470e+02 2.5472423e+02 9.9638236e-01]
 [4.6482565e+02 1.0021231e+02 4.9048093e+02 1.7036885e+02 9.9418348e-01]
 [1.5898743e+03 3.3395663e+02 1.6562433e+03 4.1960590e+02 9.9041218e-01]
 [7.9103986e+02 7.4152814e+02 8.2950513e+02 9.1868610e+02 9.8691702e-01]]
D:/code/sort_xin/data/split_image/1_0009.png [[1.6522635e+03 3.0873639e+02 1.7192198e+03 3.7892004e+02 9.9903536e-01]
 [6.3188556e+02 1.4155095e+02 6.7194891e+02 2.3440102e+02 9.9862778e-01]
 [8.5255212e+02 1.4505498e+02 8.9448328e+02 2.5962604e+02 9.9861455e-01]
 [1.6655078e+02 3.6224380e+02 1.9160202e+02 4.8399213e+02 9.9860221e-01]
 [3.0336169e+02 3.3292749e+02 3.4181503e+02 4.7024106e+02 9.9856585e-01]
 [1.1244495e+03 1.6964423e+02 1.1732990e+03 2.6919922e+02 9.9822229e-01]
 [2.0656360e+02 2.0688257e+02 2.5722592e+02 2.9587430e+02 9.9781346e-01]
 [5.8232837e+02 4.0433118e+02 6.1621893e+02 5.3439899e+02 9.9704021e-01]
 [9.0018976e+02 1.6990121e+02 9.4421643e+02 2.5713086e+02 9.9673414e-01]
 [8.8060486e+02 2.1602661e+02 9.3836572e+02 3.1160873e+02 9.9610114e-01]
 [4.7804446e+02 1.5745514e+02 5.2157404e+02 2.5410240e+02 9.9581844e-01]
 [4.6483389e+02 1.0043886e+02 4.9070874e+02 1.7046651e+02 9.9406803e-01]
 [1.5897716e+03 3.3384579e+02 1.6561505e+03 4.1967407e+02 9.8973149e-01]
 [7.9089490e+02 7.4161609e+02 8.2956921e+02 9.1865704e+02 9.8769623e-01]]
D:/code/sort_xin/data/split_image/1_0010.png [[6.3135052e+02 1.4014833e+02 6.7336005e+02 2.3498061e+02 9.9901128e-01]
 [1.6526182e+03 3.0784454e+02 1.7191595e+03 3.7806335e+02 9.9898046e-01]
 [8.5345459e+02 1.4536725e+02 8.9119348e+02 2.6044635e+02 9.9870968e-01]
 [1.6639423e+02 3.6216229e+02 1.9152202e+02 4.8419104e+02 9.9856323e-01]
 [3.0303793e+02 3.3221368e+02 3.4121866e+02 4.7136295e+02 9.9846554e-01]
 [2.0634430e+02 2.0681889e+02 2.5729224e+02 2.9564584e+02 9.9814832e-01]
 [1.1241105e+03 1.7006210e+02 1.1733838e+03 2.6949753e+02 9.9811792e-01]
 [5.8283063e+02 4.0498535e+02 6.1614001e+02 5.3558728e+02 9.9700111e-01]
 [9.0016095e+02 1.6982658e+02 9.4465912e+02 2.5716144e+02 9.9653143e-01]
 [8.7990924e+02 2.1586639e+02 9.3822321e+02 3.1137851e+02 9.9615496e-01]
 [4.6614227e+02 9.9016113e+01 4.9184915e+02 1.6940936e+02 9.9582052e-01]
 [4.7907590e+02 1.5732028e+02 5.2051349e+02 2.5456720e+02 9.9579644e-01]
 [1.5905134e+03 3.3453488e+02 1.6560442e+03 4.2073819e+02 9.9371004e-01]
 [7.9157745e+02 7.4078601e+02 8.2990680e+02 9.1767273e+02 9.8482114e-01]]
D:/code/sort_xin/data/split_image/1_0011.png [[1.6531000e+03 3.0510516e+02 1.7194388e+03 3.7807269e+02 9.9922562e-01]
 [6.3135431e+02 1.4002106e+02 6.7344495e+02 2.3478337e+02 9.9902070e-01]
 [8.5255627e+02 1.4644858e+02 8.9322180e+02 2.5893985e+02 9.9881637e-01]
 [1.6646872e+02 3.6255637e+02 1.9129631e+02 4.8415005e+02 9.9856490e-01]
 [2.0717284e+02 2.0623962e+02 2.5734402e+02 2.9646027e+02 9.9846905e-01]
 [3.0246835e+02 3.3334177e+02 3.4011475e+02 4.7177328e+02 9.9836415e-01]
 [1.1232448e+03 1.7047804e+02 1.1735392e+03 2.6939752e+02 9.9815136e-01]
 [9.0028778e+02 1.6981456e+02 9.4469946e+02 2.5705054e+02 9.9695301e-01]
 [5.8281689e+02 4.0507535e+02 6.1618384e+02 5.3597003e+02 9.9687529e-01]
 [8.7955212e+02 2.1544612e+02 9.3808997e+02 3.1171753e+02 9.9653506e-01]
 [4.7815714e+02 1.5688354e+02 5.2142035e+02 2.5391853e+02 9.9651021e-01]
 [4.6653915e+02 9.8272171e+01 4.9203699e+02 1.6913496e+02 9.9560970e-01]
 [1.5903647e+03 3.3471509e+02 1.6564895e+03 4.2042960e+02 9.9400938e-01]
 [7.9139795e+02 7.4100214e+02 8.2967841e+02 9.1755841e+02 9.8492163e-01]]
D:/code/sort_xin/data/split_image/1_0012.png [[1.6529039e+03 3.0442624e+02 1.7197596e+03 3.7821503e+02 9.9928409e-01]
 [6.3141742e+02 1.4011263e+02 6.7341876e+02 2.3474327e+02 9.9897921e-01]
 [8.5241119e+02 1.4645461e+02 8.9293860e+02 2.5885446e+02 9.9881893e-01]
 [2.0719310e+02 2.0653810e+02 2.5729208e+02 2.9647385e+02 9.9859315e-01]
 [1.6629727e+02 3.6223264e+02 1.9111342e+02 4.8426904e+02 9.9841857e-01]
 [1.1231840e+03 1.7081897e+02 1.1733239e+03 2.6916522e+02 9.9809998e-01]
 [3.0224014e+02 3.3354642e+02 3.3986969e+02 4.7218661e+02 9.9808455e-01]
 [9.0032385e+02 1.6975075e+02 9.4447284e+02 2.5683969e+02 9.9747533e-01]
 [1.5905671e+03 3.3406088e+02 1.6561700e+03 4.2075806e+02 9.9738222e-01]
 [5.8280975e+02 4.0548883e+02 6.1618475e+02 5.3621558e+02 9.9696773e-01]
 [4.7810944e+02 1.5675168e+02 5.2136096e+02 2.5363718e+02 9.9681264e-01]
 [8.7918878e+02 2.1548114e+02 9.3771448e+02 3.1218408e+02 9.9672627e-01]
 [4.6663693e+02 9.7068222e+01 4.9225052e+02 1.6845163e+02 9.9629813e-01]
 [7.9014801e+02 7.4243475e+02 8.2940009e+02 9.1905920e+02 9.8793262e-01]]
D:/code/sort_xin/data/split_image/1_0013.png [[1.6529380e+03 3.0433914e+02 1.7201450e+03 3.7741956e+02 9.9917090e-01]
 [6.3190125e+02 1.3964441e+02 6.7230408e+02 2.3367485e+02 9.9898654e-01]
 [8.5218439e+02 1.4643108e+02 8.9260504e+02 2.5860458e+02 9.9881375e-01]
 [1.6615994e+02 3.6218018e+02 1.9100151e+02 4.8403976e+02 9.9866927e-01]
 [2.0710336e+02 2.0573477e+02 2.5721024e+02 2.9607162e+02 9.9863225e-01]
 [3.0203241e+02 3.3514532e+02 3.3840820e+02 4.7165170e+02 9.9829918e-01]
 [1.1226692e+03 1.7085008e+02 1.1732079e+03 2.6917068e+02 9.9817717e-01]
 [1.5909708e+03 3.3376382e+02 1.6555757e+03 4.2221765e+02 9.9732071e-01]
 [4.7802933e+02 1.5687791e+02 5.2134100e+02 2.5334280e+02 9.9707258e-01]
 [8.9911560e+02 1.7068562e+02 9.4378680e+02 2.5984204e+02 9.9706274e-01]
 [5.8275201e+02 4.0730951e+02 6.1736621e+02 5.3829510e+02 9.9614823e-01]
 [4.6663998e+02 9.7277061e+01 4.9223804e+02 1.6927164e+02 9.9608541e-01]
 [8.7805548e+02 2.1654536e+02 9.3779987e+02 3.1220856e+02 9.9472624e-01]
 [7.9177802e+02 7.4375024e+02 8.2716858e+02 9.1950043e+02 9.8585725e-01]]
D:/code/sort_xin/data/split_image/1_0014.png [[1.6528854e+03 3.0457040e+02 1.7202001e+03 3.7723691e+02 9.9909937e-01]
 [6.3191083e+02 1.3945685e+02 6.7233893e+02 2.3354289e+02 9.9899286e-01]
 [8.5214307e+02 1.4650026e+02 8.9257568e+02 2.5846161e+02 9.9878532e-01]
 [1.6619266e+02 3.6226373e+02 1.9098775e+02 4.8404651e+02 9.9866855e-01]
 [2.0697383e+02 2.0560907e+02 2.5721799e+02 2.9602145e+02 9.9863607e-01]
 [3.0334799e+02 3.3436624e+02 3.3928363e+02 4.7403183e+02 9.9828559e-01]
 [1.1226346e+03 1.7088725e+02 1.1730872e+03 2.6914017e+02 9.9815387e-01]
 [1.5899766e+03 3.3315576e+02 1.6555942e+03 4.2161670e+02 9.9796921e-01]
 [4.7791647e+02 1.5693845e+02 5.2126917e+02 2.5325356e+02 9.9728096e-01]
 [8.9947253e+02 1.7021849e+02 9.4470319e+02 2.5705548e+02 9.9690211e-01]
 [4.6673987e+02 9.7503426e+01 4.9223163e+02 1.6938261e+02 9.9623543e-01]
 [5.8273529e+02 4.0725336e+02 6.1732129e+02 5.3824615e+02 9.9603623e-01]
 [8.7804810e+02 2.1659595e+02 9.3771173e+02 3.1220572e+02 9.9476272e-01]
 [7.9111792e+02 7.4260675e+02 8.2919147e+02 9.1786084e+02 9.8438418e-01]]
D:/code/sort_xin/data/split_image/1_0015.png [[6.3174805e+02 1.3934348e+02 6.7237225e+02 2.3363667e+02 9.9902248e-01]
 [1.6526306e+03 3.0596500e+02 1.7207134e+03 3.7559647e+02 9.9899858e-01]
 [2.0650206e+02 2.0574271e+02 2.5739883e+02 2.9626926e+02 9.9883658e-01]
 [8.5303998e+02 1.4551297e+02 8.9057141e+02 2.6134857e+02 9.9876404e-01]
 [1.6599237e+02 3.6444522e+02 1.9047437e+02 4.8312094e+02 9.9871719e-01]
 [1.1228068e+03 1.7130841e+02 1.1731818e+03 2.6938837e+02 9.9823725e-01]
 [3.0161652e+02 3.3474084e+02 3.3661026e+02 4.7114862e+02 9.9808949e-01]
 [1.5899135e+03 3.3498807e+02 1.6539891e+03 4.2205585e+02 9.9714941e-01]
 [4.6677151e+02 9.6226639e+01 4.9260764e+02 1.6861923e+02 9.9706894e-01]
 [8.9958899e+02 1.6987540e+02 9.4462836e+02 2.5823682e+02 9.9691713e-01]
 [5.8276672e+02 4.0871866e+02 6.1760681e+02 5.3912323e+02 9.9675506e-01]
 [4.7805981e+02 1.5879971e+02 5.2161780e+02 2.5223259e+02 9.9635088e-01]
 [8.7682361e+02 2.1502908e+02 9.3266162e+02 3.1088211e+02 9.9565482e-01]
 [7.9062036e+02 7.4416547e+02 8.2872925e+02 9.1764557e+02 9.8344111e-01]]
D:/code/sort_xin/data/split_image/1_0016.png [[1.6526781e+03 3.0507306e+02 1.7211149e+03 3.7485876e+02 9.9910069e-01]
 [6.3171942e+02 1.3939699e+02 6.7236969e+02 2.3360612e+02 9.9901128e-01]
 [2.0637782e+02 2.0570850e+02 2.5737643e+02 2.9632043e+02 9.9885035e-01]
 [8.5197131e+02 1.4715335e+02 8.9246155e+02 2.5934741e+02 9.9882084e-01]
 [1.6581178e+02 3.6432516e+02 1.9027408e+02 4.8317111e+02 9.9882048e-01]
 [1.1225044e+03 1.7145935e+02 1.1729919e+03 2.6978998e+02 9.9834168e-01]
 [3.0174103e+02 3.3505804e+02 3.3637897e+02 4.7143100e+02 9.9812597e-01]
 [8.9959955e+02 1.7062889e+02 9.4446716e+02 2.5886700e+02 9.9720287e-01]
 [4.6685547e+02 9.6370422e+01 4.9268649e+02 1.6874020e+02 9.9692518e-01]
 [5.8280426e+02 4.0893127e+02 6.1763452e+02 5.3947723e+02 9.9688017e-01]
 [4.7781808e+02 1.5866510e+02 5.2157983e+02 2.5217682e+02 9.9658930e-01]
 [1.5889705e+03 3.3551672e+02 1.6542203e+03 4.2275766e+02 9.9624205e-01]
 [8.7652496e+02 2.1507300e+02 9.3225995e+02 3.1134909e+02 9.9536741e-01]
 [7.9078131e+02 7.4499725e+02 8.2858533e+02 9.1861359e+02 9.8120385e-01]]
D:/code/sort_xin/data/split_image/1_0017.png [[6.3162036e+02 1.3939009e+02 6.7232489e+02 2.3365881e+02 9.9901700e-01]
 [1.6539332e+03 3.0324603e+02 1.7201648e+03 3.7482913e+02 9.9899977e-01]
 [8.5284338e+02 1.4635175e+02 8.9063300e+02 2.6123529e+02 9.9893612e-01]
 [1.6575587e+02 3.6411172e+02 1.9022672e+02 4.8329465e+02 9.9888033e-01]
 [2.0632677e+02 2.0570244e+02 2.5731534e+02 2.9631839e+02 9.9886763e-01]
 [1.1223046e+03 1.7147414e+02 1.1728484e+03 2.6986084e+02 9.9833930e-01]
 [3.0178857e+02 3.3498303e+02 3.3629562e+02 4.7175449e+02 9.9816751e-01]
 [8.7378198e+02 2.1318509e+02 9.3306812e+02 3.1429169e+02 9.9795306e-01]
 [8.9992896e+02 1.7074634e+02 9.4422864e+02 2.5852588e+02 9.9776459e-01]
 [1.5880353e+03 3.3466772e+02 1.6503035e+03 4.2331247e+02 9.9736977e-01]
 [4.6702328e+02 9.6335388e+01 4.9291919e+02 1.6850665e+02 9.9730349e-01]
 [5.8307129e+02 4.0926138e+02 6.1777338e+02 5.4046960e+02 9.9713409e-01]
 [4.7786069e+02 1.5710089e+02 5.2079419e+02 2.5224756e+02 9.9707925e-01]
 [7.9002667e+02 7.4714215e+02 8.2748450e+02 9.1855438e+02 9.8288995e-01]]
D:/code/sort_xin/data/split_image/1_0018.png [[1.6519773e+03 3.0167838e+02 1.7205702e+03 3.7494394e+02 9.9945539e-01]
 [6.3085144e+02 1.3942812e+02 6.7361212e+02 2.3432877e+02 9.9900073e-01]
 [8.5291559e+02 1.4709297e+02 8.9046552e+02 2.6139667e+02 9.9889684e-01]
 [1.6575575e+02 3.6411008e+02 1.9017560e+02 4.8354672e+02 9.9887305e-01]
 [2.0624088e+02 2.0568758e+02 2.5748605e+02 2.9662167e+02 9.9886048e-01]
 [9.0007428e+02 1.7123422e+02 9.4344312e+02 2.5679044e+02 9.9825376e-01]
 [3.0175909e+02 3.3502448e+02 3.3604422e+02 4.7226483e+02 9.9824703e-01]
 [1.1230072e+03 1.7153540e+02 1.1716317e+03 2.6902011e+02 9.9824011e-01]
 [8.7212036e+02 2.1576187e+02 9.3462128e+02 3.1662326e+02 9.9802196e-01]
 [4.6707584e+02 9.5826035e+01 4.9306244e+02 1.6833154e+02 9.9749029e-01]
 [5.8318695e+02 4.0813165e+02 6.1593011e+02 5.4166748e+02 9.9721563e-01]
 [1.5885297e+03 3.3450906e+02 1.6522875e+03 4.2338071e+02 9.9677902e-01]
 [4.7828665e+02 1.5872925e+02 5.2134100e+02 2.5153502e+02 9.9646986e-01]
 [7.8997711e+02 7.4797687e+02 8.2691711e+02 9.1848468e+02 9.8348480e-01]
 [8.8288525e+02 1.8552325e+02 9.4539728e+02 2.8261819e+02 6.3485809e-02]]
D:/code/sort_xin/data/split_image/1_0019.png [[1.6514203e+03 3.0281335e+02 1.7208121e+03 3.7465027e+02 9.9922621e-01]
 [6.3158868e+02 1.3952095e+02 6.7233630e+02 2.3368478e+02 9.9901044e-01]
 [8.5283630e+02 1.4690562e+02 8.9048206e+02 2.6154004e+02 9.9894291e-01]
 [2.0618452e+02 2.0582904e+02 2.5750244e+02 2.9652008e+02 9.9888450e-01]
 [1.6574010e+02 3.6390887e+02 1.9016722e+02 4.8353961e+02 9.9885654e-01]
 [3.0172647e+02 3.3507977e+02 3.3599445e+02 4.7225217e+02 9.9824917e-01]
 [9.0008612e+02 1.7122192e+02 9.4341846e+02 2.5688602e+02 9.9824381e-01]
 [1.1231259e+03 1.7149411e+02 1.1716388e+03 2.6894263e+02 9.9823654e-01]
 [8.7218372e+02 2.1588603e+02 9.3455933e+02 3.1655176e+02 9.9807787e-01]
 [4.6707324e+02 9.5860382e+01 4.9302451e+02 1.6841017e+02 9.9737763e-01]
 [5.8320117e+02 4.0984390e+02 6.1777869e+02 5.4074500e+02 9.9703074e-01]
 [1.5884709e+03 3.3451630e+02 1.6523613e+03 4.2348343e+02 9.9683028e-01]
 [4.7830881e+02 1.5868185e+02 5.2128259e+02 2.5185466e+02 9.9658018e-01]
 [7.8995905e+02 7.4765356e+02 8.2704657e+02 9.1848590e+02 9.8331279e-01]
 [8.8313849e+02 1.8518753e+02 9.4539099e+02 2.8202921e+02 6.7022629e-02]]
D:/code/sort_xin/data/split_image/1_0020.png [[1.6516500e+03 3.0036942e+02 1.7197072e+03 3.7393204e+02 9.9933952e-01]
 [6.3066962e+02 1.3926155e+02 6.7354132e+02 2.3460887e+02 9.9915886e-01]
 [2.0630511e+02 2.0568910e+02 2.5811856e+02 2.9664175e+02 9.9873573e-01]
 [8.5232605e+02 1.4860381e+02 8.9065698e+02 2.6198895e+02 9.9872440e-01]
 [1.1228198e+03 1.7074374e+02 1.1713184e+03 2.6920050e+02 9.9842072e-01]
 [1.6573224e+02 3.6226767e+02 1.9083423e+02 4.8410834e+02 9.9828643e-01]
 [3.0168680e+02 3.3541000e+02 3.3588327e+02 4.7236252e+02 9.9819928e-01]
 [8.6935376e+02 2.1623700e+02 9.3550146e+02 3.2042581e+02 9.9792707e-01]
 [5.8349951e+02 4.1011938e+02 6.1577557e+02 5.4290155e+02 9.9716538e-01]
 [4.6835132e+02 9.7450920e+01 4.9312430e+02 1.6899251e+02 9.9707770e-01]
 [1.5879933e+03 3.3403561e+02 1.6469565e+03 4.2341785e+02 9.9681735e-01]
 [4.7835770e+02 1.5856500e+02 5.2104742e+02 2.5236887e+02 9.9646157e-01]
 [8.9783392e+02 1.7058449e+02 9.4309235e+02 2.6208789e+02 9.9604142e-01]
 [7.8893542e+02 7.4777521e+02 8.2513220e+02 9.1848798e+02 9.8333836e-01]]
D:/code/sort_xin/data/split_image/1_0021.png [[6.3056982e+02 1.3900099e+02 6.7339490e+02 2.3494011e+02 9.9927634e-01]
 [1.6516403e+03 3.0001187e+02 1.7192035e+03 3.7332050e+02 9.9904877e-01]
 [8.5222711e+02 1.4837733e+02 8.9186304e+02 2.6047845e+02 9.9862719e-01]
 [2.0629253e+02 2.0554323e+02 2.5805435e+02 2.9620407e+02 9.9859184e-01]
 [1.1228254e+03 1.7049358e+02 1.1713815e+03 2.6929703e+02 9.9853086e-01]
 [8.6922229e+02 2.1705540e+02 9.3478912e+02 3.2115408e+02 9.9849081e-01]
 [1.6591861e+02 3.6180405e+02 1.9091156e+02 4.8424591e+02 9.9825495e-01]
 [3.0153091e+02 3.3546021e+02 3.3589984e+02 4.7236356e+02 9.9821436e-01]
 [5.8335406e+02 4.1055423e+02 6.1590643e+02 5.4328040e+02 9.9728274e-01]
 [4.6856833e+02 9.7224556e+01 4.9314877e+02 1.6868785e+02 9.9720770e-01]
 [4.7839496e+02 1.5857666e+02 5.2097052e+02 2.5133067e+02 9.9676800e-01]
 [1.5885758e+03 3.3348984e+02 1.6479930e+03 4.2265671e+02 9.9669719e-01]
 [8.9774854e+02 1.7050375e+02 9.4308295e+02 2.6226648e+02 9.9566984e-01]
 [7.8938806e+02 7.4930524e+02 8.2539899e+02 9.1837512e+02 9.7729129e-01]]
D:/code/sort_xin/data/split_image/1_0022.png [[6.3075781e+02 1.3920671e+02 6.7322003e+02 2.3531438e+02 9.9928516e-01]
 [1.6516661e+03 2.9861047e+02 1.7171124e+03 3.7285788e+02 9.9915719e-01]
 [8.6882025e+02 2.1766391e+02 9.3501270e+02 3.2189951e+02 9.9879175e-01]
 [1.1227687e+03 1.7044002e+02 1.1713226e+03 2.6955511e+02 9.9860865e-01]
 [8.5258545e+02 1.4880554e+02 8.9037030e+02 2.6185156e+02 9.9850595e-01]
 [2.0633167e+02 2.0488631e+02 2.5808725e+02 2.9588312e+02 9.9829811e-01]
 [1.6589175e+02 3.6177573e+02 1.9085547e+02 4.8423663e+02 9.9822813e-01]
 [3.0148734e+02 3.3552371e+02 3.3569147e+02 4.7236343e+02 9.9799538e-01]
 [5.8334198e+02 4.1068033e+02 6.1580658e+02 5.4362457e+02 9.9751031e-01]
 [4.6935211e+02 9.7012917e+01 4.9335858e+02 1.6923700e+02 9.9729639e-01]
 [8.9786078e+02 1.7004007e+02 9.4373218e+02 2.5914142e+02 9.9714607e-01]
 [1.5879968e+03 3.3252106e+02 1.6463658e+03 4.2277338e+02 9.9677855e-01]
 [4.7797961e+02 1.5827852e+02 5.2105865e+02 2.5087863e+02 9.9660635e-01]
 [7.8932959e+02 7.4954297e+02 8.2506470e+02 9.1849005e+02 9.7905385e-01]]
D:/code/sort_xin/data/split_image/1_0023.png [[1.6520168e+03 2.9817340e+02 1.7172518e+03 3.7202219e+02 9.9923289e-01]
 [8.6852716e+02 2.1780357e+02 9.3447888e+02 3.2262820e+02 9.9891412e-01]
 [6.2978625e+02 1.3996242e+02 6.7402051e+02 2.3585756e+02 9.9884582e-01]
 [1.1225251e+03 1.7044876e+02 1.1710406e+03 2.6966220e+02 9.9862742e-01]
 [8.5300940e+02 1.4923308e+02 8.9017847e+02 2.6195865e+02 9.9834573e-01]
 [2.0571237e+02 2.0543881e+02 2.5850403e+02 2.9469193e+02 9.9828416e-01]
 [1.6584703e+02 3.6177286e+02 1.9079294e+02 4.8429449e+02 9.9825126e-01]
 [3.0062097e+02 3.3398715e+02 3.3810483e+02 4.7361945e+02 9.9794859e-01]
 [5.8331091e+02 4.1064236e+02 6.1592798e+02 5.4370819e+02 9.9772316e-01]
 [1.5882781e+03 3.3145322e+02 1.6464221e+03 4.2187027e+02 9.9739528e-01]
 [8.9784131e+02 1.7027776e+02 9.4336719e+02 2.5922382e+02 9.9727446e-01]
 [4.7847012e+02 1.5733159e+02 5.1962903e+02 2.5041454e+02 9.9684167e-01]
 [4.6959677e+02 9.7533173e+01 4.9366901e+02 1.6938084e+02 9.9677604e-01]
 [7.8922687e+02 7.4956110e+02 8.2484747e+02 9.1828351e+02 9.8199248e-01]]
D:/code/sort_xin/data/split_image/1_0024.png [[1.6520411e+03 2.9773441e+02 1.7172653e+03 3.7203757e+02 9.9925035e-01]
 [8.6854822e+02 2.1770027e+02 9.3461273e+02 3.2256693e+02 9.9887770e-01]
 [6.2975830e+02 1.3999646e+02 6.7404663e+02 2.3583754e+02 9.9882680e-01]
 [1.1225532e+03 1.7039948e+02 1.1710121e+03 2.6988010e+02 9.9867493e-01]
 [8.5309167e+02 1.4946437e+02 8.9018481e+02 2.6169363e+02 9.9828511e-01]
 [1.6584883e+02 3.6164691e+02 1.9078804e+02 4.8434180e+02 9.9825698e-01]
 [2.0570491e+02 2.0547044e+02 2.5844061e+02 2.9466705e+02 9.9818736e-01]
 [3.0140955e+02 3.3555707e+02 3.3579422e+02 4.7243457e+02 9.9795049e-01]
 [5.8329968e+02 4.1073495e+02 6.1596204e+02 5.4358234e+02 9.9784172e-01]
 [8.9785529e+02 1.7073755e+02 9.4275397e+02 2.6095447e+02 9.9772924e-01]
 [1.5882258e+03 3.3133926e+02 1.6463326e+03 4.2179138e+02 9.9729294e-01]
 [4.7845520e+02 1.5737619e+02 5.1959937e+02 2.5045087e+02 9.9678600e-01]
 [4.6964542e+02 9.7562164e+01 4.9386252e+02 1.6953334e+02 9.9656820e-01]
 [7.8919196e+02 7.4944684e+02 8.2486493e+02 9.1833710e+02 9.8338032e-01]]
D:/code/sort_xin/data/split_image/1_0025.png [[1.6540858e+03 2.9724744e+02 1.7170354e+03 3.7078473e+02 9.9942076e-01]
 [8.6796375e+02 2.1700879e+02 9.3404358e+02 3.2397073e+02 9.9901605e-01]
 [6.3030566e+02 1.4215984e+02 6.7343665e+02 2.3642386e+02 9.9894601e-01]
 [1.1225900e+03 1.7043001e+02 1.1708192e+03 2.6987445e+02 9.9869931e-01]
 [2.0689769e+02 2.0546823e+02 2.5832895e+02 2.9452039e+02 9.9856466e-01]
 [1.6583382e+02 3.6167432e+02 1.9074171e+02 4.8426141e+02 9.9837059e-01]
 [8.5347980e+02 1.4869690e+02 8.8979810e+02 2.6154044e+02 9.9827671e-01]
 [3.0133963e+02 3.3572449e+02 3.3570871e+02 4.7267374e+02 9.9810070e-01]
 [8.9785620e+02 1.7059395e+02 9.4272522e+02 2.6031125e+02 9.9806076e-01]
 [5.8346069e+02 4.1084259e+02 6.1599774e+02 5.4395160e+02 9.9790025e-01]
 [4.7815567e+02 1.5753114e+02 5.1889307e+02 2.4990503e+02 9.9716127e-01]
 [1.5884532e+03 3.3049557e+02 1.6462645e+03 4.1958029e+02 9.9678922e-01]
 [4.6972293e+02 9.7326965e+01 4.9423840e+02 1.6985686e+02 9.9552816e-01]
 [7.8908276e+02 7.4915405e+02 8.2493811e+02 9.1850629e+02 9.8612195e-01]]
D:/code/sort_xin/data/split_image/1_0026.png [[1.6550640e+03 2.9628717e+02 1.7169252e+03 3.6987247e+02 9.9939120e-01]
 [8.6795868e+02 2.1803754e+02 9.3393109e+02 3.2435425e+02 9.9923658e-01]
 [6.3015369e+02 1.4288501e+02 6.7310193e+02 2.3689519e+02 9.9890292e-01]
 [1.1225181e+03 1.7031740e+02 1.1708079e+03 2.7008380e+02 9.9875486e-01]
 [2.0701932e+02 2.0543289e+02 2.5850528e+02 2.9443399e+02 9.9867731e-01]
 [1.6584419e+02 3.6169025e+02 1.9076430e+02 4.8434702e+02 9.9837935e-01]
 [8.9818335e+02 1.7031528e+02 9.4275836e+02 2.6075595e+02 9.9829203e-01]
 [3.0129343e+02 3.3584570e+02 3.3560159e+02 4.7269504e+02 9.9803168e-01]
 [8.5364709e+02 1.4846387e+02 8.8996466e+02 2.6195822e+02 9.9799699e-01]
 [5.8366486e+02 4.1080551e+02 6.1621179e+02 5.4427698e+02 9.9794096e-01]
 [4.7876346e+02 1.5795097e+02 5.1890173e+02 2.5021974e+02 9.9712902e-01]
 [1.5884589e+03 3.3014075e+02 1.6467540e+03 4.1912790e+02 9.9631196e-01]
 [4.7054816e+02 9.7288353e+01 4.9418478e+02 1.6915991e+02 9.9486721e-01]
 [7.8903741e+02 7.4947485e+02 8.2504462e+02 9.1846851e+02 9.8338217e-01]]
D:/code/sort_xin/data/split_image/1_0027.png [[8.6798663e+02 2.1947452e+02 9.3372675e+02 3.2497870e+02 9.9935371e-01]
 [1.6555823e+03 2.9548633e+02 1.7168386e+03 3.6917065e+02 9.9933213e-01]
 [6.2986975e+02 1.4310574e+02 6.7347284e+02 2.3796848e+02 9.9891043e-01]
 [1.1222196e+03 1.7021413e+02 1.1708973e+03 2.6996841e+02 9.9878365e-01]
 [2.0714903e+02 2.0514717e+02 2.5850784e+02 2.9449002e+02 9.9854445e-01]
 [5.8380286e+02 4.1076849e+02 6.1622101e+02 5.4415564e+02 9.9845123e-01]
 [1.6584399e+02 3.6166245e+02 1.9076445e+02 4.8450562e+02 9.9837315e-01]
 [8.5355829e+02 1.4861839e+02 8.9004077e+02 2.6180090e+02 9.9812585e-01]
 [3.0124493e+02 3.3630829e+02 3.3570474e+02 4.7255249e+02 9.9804330e-01]
 [8.9841553e+02 1.7037828e+02 9.4282739e+02 2.6054886e+02 9.9786681e-01]
 [4.7488663e+02 1.5556134e+02 5.2110095e+02 2.5171794e+02 9.9669087e-01]
 [1.5884865e+03 3.2990332e+02 1.6466403e+03 4.1896851e+02 9.9607593e-01]
 [4.7104120e+02 9.9140671e+01 4.9540778e+02 1.6968607e+02 9.9287295e-01]
 [7.8913269e+02 7.4919275e+02 8.2519989e+02 9.1846021e+02 9.8451263e-01]]
D:/code/sort_xin/data/split_image/1_0028.png [[1.6560691e+03 2.9499625e+02 1.7174402e+03 3.6855231e+02 9.9924099e-01]
 [8.6846521e+02 2.2253740e+02 9.3566803e+02 3.2477264e+02 9.9911743e-01]
 [6.2998456e+02 1.4325363e+02 6.7345856e+02 2.3828700e+02 9.9901021e-01]
 [1.1212570e+03 1.7010741e+02 1.1700815e+03 2.7037906e+02 9.9853086e-01]
 [5.8422675e+02 4.1080203e+02 6.1659979e+02 5.4440271e+02 9.9848831e-01]
 [1.6583705e+02 3.6162592e+02 1.9066422e+02 4.8440292e+02 9.9841046e-01]
 [2.0702475e+02 2.0542618e+02 2.5840976e+02 2.9429340e+02 9.9834347e-01]
 [4.7318619e+02 1.5867770e+02 5.2003455e+02 2.4949878e+02 9.9824357e-01]
 [8.5361658e+02 1.4866774e+02 8.9023413e+02 2.6168555e+02 9.9805057e-01]
 [3.0125601e+02 3.3633258e+02 3.3535709e+02 4.7263336e+02 9.9800867e-01]
 [8.9840875e+02 1.7018214e+02 9.4278369e+02 2.6123001e+02 9.9721634e-01]
 [1.5885874e+03 3.2710071e+02 1.6464385e+03 4.1752530e+02 9.9572229e-01]
 [7.8909076e+02 7.4907440e+02 8.2529565e+02 9.1845691e+02 9.8540860e-01]]
D:/code/sort_xin/data/split_image/1_0029.png [[1.6561482e+03 2.9477011e+02 1.7171412e+03 3.6849921e+02 9.9923229e-01]
 [8.6847906e+02 2.2251741e+02 9.3563519e+02 3.2476935e+02 9.9911398e-01]
 [1.1210073e+03 1.6995087e+02 1.1709906e+03 2.7153305e+02 9.9907267e-01]
 [6.2995386e+02 1.4328027e+02 6.7344934e+02 2.3825981e+02 9.9899703e-01]
 [2.0725124e+02 2.0491672e+02 2.5829205e+02 2.9429712e+02 9.9865544e-01]
 [5.8426001e+02 4.1078305e+02 6.1657996e+02 5.4450659e+02 9.9854219e-01]
 [1.6582126e+02 3.6162811e+02 1.9066451e+02 4.8440042e+02 9.9841321e-01]
 [4.7320602e+02 1.5868117e+02 5.2005383e+02 2.4970972e+02 9.9824309e-01]
 [8.5363635e+02 1.4864717e+02 8.9028046e+02 2.6159854e+02 9.9804735e-01]
 [3.0125336e+02 3.3628955e+02 3.3530560e+02 4.7253998e+02 9.9799550e-01]
 [8.9850238e+02 1.7022096e+02 9.4281824e+02 2.6104474e+02 9.9721587e-01]
 [1.5886805e+03 3.2701715e+02 1.6464353e+03 4.1747751e+02 9.9570447e-01]
 [7.8897375e+02 7.4891101e+02 8.2548193e+02 9.1831427e+02 9.8431462e-01]]
D:/code/sort_xin/data/split_image/1_0030.png [[1.6554486e+03 2.9197357e+02 1.7198158e+03 3.6645258e+02 9.9921429e-01]
 [6.2974597e+02 1.4392358e+02 6.7340289e+02 2.3876860e+02 9.9910176e-01]
 [8.6740454e+02 2.2860396e+02 9.3790497e+02 3.2667056e+02 9.9891150e-01]
 [2.0678894e+02 2.0476851e+02 2.5821191e+02 2.9386606e+02 9.9886549e-01]
 [5.8472974e+02 4.1388550e+02 6.1706653e+02 5.4482599e+02 9.9883968e-01]
 [1.1220671e+03 1.7073894e+02 1.1705712e+03 2.7028714e+02 9.9863142e-01]
 [1.6561855e+02 3.6175079e+02 1.9052870e+02 4.8411310e+02 9.9847859e-01]
 [3.0124243e+02 3.3641998e+02 3.3542471e+02 4.7237704e+02 9.9803501e-01]
 [8.5376294e+02 1.4850902e+02 8.9034393e+02 2.6155856e+02 9.9798560e-01]
 [1.5898419e+03 3.2157104e+02 1.6450486e+03 4.1592487e+02 9.9703985e-01]
 [8.9835486e+02 1.6985472e+02 9.4258722e+02 2.6292950e+02 9.9604094e-01]
 [4.8147159e+02 1.6034065e+02 5.1979034e+02 2.5057281e+02 9.8915839e-01]
 [4.6133536e+02 1.2428815e+02 5.0321884e+02 1.9338367e+02 9.8543674e-01]
 [7.8840375e+02 7.4910846e+02 8.2502197e+02 9.1858038e+02 9.8187202e-01]
 [4.7612985e+02 1.3483191e+02 5.1213519e+02 2.1405121e+02 5.8150005e-02]]
D:/code/sort_xin/data/split_image/1_0031.png [[6.2958948e+02 1.4382065e+02 6.7322949e+02 2.3957028e+02 9.9918157e-01]
 [2.0676332e+02 2.0427258e+02 2.5822824e+02 2.9375903e+02 9.9916422e-01]
 [1.6559661e+03 2.9146622e+02 1.7208684e+03 3.6489160e+02 9.9912018e-01]
 [1.6570023e+02 3.6362363e+02 1.9029396e+02 4.8392722e+02 9.9892104e-01]
 [5.8485742e+02 4.1431824e+02 6.1734076e+02 5.4563324e+02 9.9889970e-01]
 [8.6922284e+02 2.2990637e+02 9.4022137e+02 3.2699832e+02 9.9875939e-01]
 [1.1220306e+03 1.7078938e+02 1.1705851e+03 2.7043875e+02 9.9868375e-01]
 [1.5927468e+03 3.2017386e+02 1.6445823e+03 4.1393173e+02 9.9855608e-01]
 [8.5366785e+02 1.4876103e+02 8.9034094e+02 2.6123935e+02 9.9803466e-01]
 [3.0121933e+02 3.3653967e+02 3.3545151e+02 4.7241049e+02 9.9796426e-01]
 [8.9739972e+02 1.6996626e+02 9.4249341e+02 2.6529880e+02 9.9657696e-01]
 [7.8921729e+02 7.4922437e+02 8.2585663e+02 9.1845251e+02 9.8583895e-01]
 [4.8367548e+02 1.5950580e+02 5.2022125e+02 2.5155528e+02 9.7845262e-01]
 [4.5763788e+02 1.4072566e+02 5.0455920e+02 2.0348686e+02 9.7506636e-01]
 [4.7519025e+02 1.4490712e+02 5.1133868e+02 2.1919112e+02 1.1699401e-01]]
D:/code/sort_xin/data/split_image/1_0032.png [[2.0660797e+02 2.0416452e+02 2.5819641e+02 2.9366504e+02 9.9919146e-01]
 [1.6559286e+03 2.9131491e+02 1.7209484e+03 3.6426019e+02 9.9902844e-01]
 [8.6831787e+02 2.3150903e+02 9.4055426e+02 3.2557254e+02 9.9894923e-01]
 [5.8792432e+02 4.1367316e+02 6.1946893e+02 5.4570862e+02 9.9877638e-01]
 [6.3006348e+02 1.4298579e+02 6.7197906e+02 2.4019432e+02 9.9873358e-01]
 [1.6551590e+02 3.6319821e+02 1.9012750e+02 4.8412280e+02 9.9870944e-01]
 [1.1212972e+03 1.7060551e+02 1.1704640e+03 2.7101971e+02 9.9855691e-01]
 [4.8178616e+02 1.5472780e+02 5.1832867e+02 2.4857268e+02 9.9853349e-01]
 [3.0022568e+02 3.3536655e+02 3.3796115e+02 4.7346964e+02 9.9809879e-01]
 [1.5925232e+03 3.2161722e+02 1.6443551e+03 4.1566852e+02 9.9807680e-01]
 [8.5331464e+02 1.4811992e+02 8.9014612e+02 2.6162930e+02 9.9793196e-01]
 [8.9683344e+02 1.7013518e+02 9.4229974e+02 2.6394318e+02 9.9725741e-01]
 [7.8932440e+02 7.4898566e+02 8.2602338e+02 9.1825946e+02 9.8548281e-01]
 [4.5810001e+02 1.5315714e+02 4.9441608e+02 2.1531905e+02 1.4353250e-01]]
D:/code/sort_xin/data/split_image/1_0033.png [[2.0664052e+02 2.0411522e+02 2.5818329e+02 2.9339526e+02 9.9923491e-01]
 [1.6558556e+03 2.9096219e+02 1.7212246e+03 3.6402484e+02 9.9918228e-01]
 [8.6761005e+02 2.3150238e+02 9.4221307e+02 3.2741815e+02 9.9912089e-01]
 [6.2952783e+02 1.4408405e+02 6.7323859e+02 2.4008061e+02 9.9899727e-01]
 [5.8825323e+02 4.1390277e+02 6.1953406e+02 5.4662158e+02 9.9899477e-01]
 [1.6547816e+02 3.6301297e+02 1.8996620e+02 4.8336176e+02 9.9898118e-01]
 [1.1213821e+03 1.7089893e+02 1.1705973e+03 2.7122922e+02 9.9845338e-01]
 [3.0033868e+02 3.3565237e+02 3.3812308e+02 4.7332980e+02 9.9818903e-01]
 [8.5326422e+02 1.4806165e+02 8.9005231e+02 2.6210291e+02 9.9791783e-01]
 [8.9640875e+02 1.7041945e+02 9.4210590e+02 2.6384143e+02 9.9747318e-01]
 [4.7155466e+02 1.5594249e+02 5.1870367e+02 2.4594403e+02 9.9547678e-01]
 [1.5921593e+03 3.2516483e+02 1.6446012e+03 4.1582541e+02 9.9386942e-01]
 [7.8933807e+02 7.4873401e+02 8.2615149e+02 9.1808978e+02 9.8319584e-01]
 [4.5558273e+02 1.5592317e+02 5.0336755e+02 2.2288835e+02 5.1404353e-02]]
D:/code/sort_xin/data/split_image/1_0034.png [[2.0661009e+02 2.0411597e+02 2.5808163e+02 2.9316934e+02 9.9920040e-01]
 [1.6559338e+03 2.9087219e+02 1.7212045e+03 3.6400742e+02 9.9914575e-01]
 [1.1213456e+03 1.7133368e+02 1.1704442e+03 2.7205814e+02 9.9906176e-01]
 [8.6847742e+02 2.3125450e+02 9.4341168e+02 3.2749475e+02 9.9904042e-01]
 [6.2961517e+02 1.4416046e+02 6.7328528e+02 2.4038025e+02 9.9903166e-01]
 [5.8828223e+02 4.1390921e+02 6.1951141e+02 5.4675891e+02 9.9902630e-01]
 [1.6546931e+02 3.6304965e+02 1.8995305e+02 4.8328384e+02 9.9897730e-01]
 [3.0139902e+02 3.3731024e+02 3.3571802e+02 4.7226587e+02 9.9818724e-01]
 [8.5329169e+02 1.4810049e+02 8.9004742e+02 2.6208090e+02 9.9791139e-01]
 [8.9639624e+02 1.7043669e+02 9.4202289e+02 2.6387854e+02 9.9743712e-01]
 [1.5934119e+03 3.2543347e+02 1.6440341e+03 4.1567175e+02 9.9562573e-01]
 [4.7155756e+02 1.5598502e+02 5.1874902e+02 2.4598927e+02 9.9554056e-01]
 [7.8929279e+02 7.4891516e+02 8.2603851e+02 9.1824756e+02 9.8149168e-01]]
D:/code/sort_xin/data/split_image/1_0035.png [[8.6786554e+02 2.3104736e+02 9.4554352e+02 3.2773489e+02 9.9937975e-01]
 [2.0681485e+02 2.0410632e+02 2.5812567e+02 2.9336053e+02 9.9919802e-01]
 [1.6539163e+02 3.6413535e+02 1.8955859e+02 4.8299347e+02 9.9904841e-01]
 [6.2979596e+02 1.4453041e+02 6.7305035e+02 2.4062901e+02 9.9900109e-01]
 [1.6571542e+03 2.9017868e+02 1.7209611e+03 3.6219101e+02 9.9899405e-01]
 [5.8879956e+02 4.1428500e+02 6.1980273e+02 5.4858917e+02 9.9898511e-01]
 [1.1221986e+03 1.7183237e+02 1.1708518e+03 2.7180133e+02 9.9893266e-01]
 [8.5133606e+02 1.4890094e+02 8.8891553e+02 2.6282275e+02 9.9873990e-01]
 [4.5728909e+02 1.5645959e+02 5.1826508e+02 2.3816304e+02 9.9837840e-01]
 [3.0141934e+02 3.3754239e+02 3.3569910e+02 4.7240088e+02 9.9818963e-01]
 [1.5953379e+03 3.2289713e+02 1.6446849e+03 4.1965192e+02 9.9703491e-01]
 [8.9598413e+02 1.7029802e+02 9.4186835e+02 2.6412277e+02 9.9586391e-01]
 [7.8946692e+02 7.4827014e+02 8.2636212e+02 9.1841376e+02 9.8054743e-01]]
D:/code/sort_xin/data/split_image/1_0036.png [[1.6586632e+03 2.8908459e+02 1.7182990e+03 3.6050247e+02 9.9932921e-01]
 [8.6745349e+02 2.3241191e+02 9.4430426e+02 3.2778839e+02 9.9930286e-01]
 [2.0634015e+02 2.0430768e+02 2.5820349e+02 2.9333560e+02 9.9907756e-01]
 [8.4716785e+02 1.4951384e+02 8.8871094e+02 2.6261099e+02 9.9906474e-01]
 [1.6531490e+02 3.6411142e+02 1.8944209e+02 4.8332318e+02 9.9905258e-01]
 [6.2981842e+02 1.4451451e+02 6.7305402e+02 2.4065631e+02 9.9900347e-01]
 [5.8882269e+02 4.1450385e+02 6.1990594e+02 5.4896167e+02 9.9897599e-01]
 [4.5692767e+02 1.5845499e+02 5.1741882e+02 2.3761627e+02 9.9869710e-01]
 [1.1226941e+03 1.7340982e+02 1.1718466e+03 2.7158032e+02 9.9869400e-01]
 [3.0032343e+02 3.3588528e+02 3.3809396e+02 4.7364014e+02 9.9817455e-01]
 [1.5969814e+03 3.2125110e+02 1.6448667e+03 4.1839212e+02 9.9717450e-01]
 [8.9364899e+02 1.7052344e+02 9.4119598e+02 2.6546039e+02 9.9686819e-01]
 [7.8951080e+02 7.4779510e+02 8.2650336e+02 9.1830731e+02 9.8381203e-01]]
D:/code/sort_xin/data/split_image/1_0037.png [[1.6587579e+03 2.8884335e+02 1.7185653e+03 3.5996368e+02 9.9940717e-01]
 [2.0604967e+02 2.0426657e+02 2.5830264e+02 2.9330334e+02 9.9912697e-01]
 [1.6521742e+02 3.6400290e+02 1.8939143e+02 4.8326108e+02 9.9906689e-01]
 [5.8885126e+02 4.1463925e+02 6.1997162e+02 5.4914740e+02 9.9894947e-01]
 [6.2987445e+02 1.4457854e+02 6.7297345e+02 2.4070149e+02 9.9892336e-01]
 [1.1229451e+03 1.7346957e+02 1.1722607e+03 2.7200186e+02 9.9884534e-01]
 [8.5010406e+02 1.4907996e+02 8.8747729e+02 2.6127466e+02 9.9883312e-01]
 [8.7073108e+02 2.3414888e+02 9.4606708e+02 3.2824774e+02 9.9870181e-01]
 [4.5744510e+02 1.5865294e+02 5.1987708e+02 2.4127281e+02 9.9859101e-01]
 [3.0032205e+02 3.3572296e+02 3.3812985e+02 4.7373013e+02 9.9821270e-01]
 [8.9384766e+02 1.7079070e+02 9.4102966e+02 2.6539563e+02 9.9769032e-01]
 [1.6005688e+03 3.2193347e+02 1.6450741e+03 4.1719489e+02 9.9671787e-01]
 [7.8940692e+02 7.4816144e+02 8.2642566e+02 9.1840277e+02 9.8344779e-01]]
D:/code/sort_xin/data/split_image/1_0038.png [[1.6589194e+03 2.8881805e+02 1.7184352e+03 3.5967508e+02 9.9942374e-01]
 [2.0581290e+02 2.0477492e+02 2.5827521e+02 2.9291486e+02 9.9922812e-01]
 [8.4828076e+02 1.4720959e+02 8.8576404e+02 2.6220197e+02 9.9902689e-01]
 [5.8896405e+02 4.1487045e+02 6.1994971e+02 5.4926788e+02 9.9895918e-01]
 [8.7019904e+02 2.3525098e+02 9.4622723e+02 3.2813708e+02 9.9889249e-01]
 [6.3009528e+02 1.4466356e+02 6.7280383e+02 2.4092677e+02 9.9887842e-01]
 [1.1224418e+03 1.7378862e+02 1.1712832e+03 2.7130988e+02 9.9879920e-01]
 [1.6005876e+03 3.2102805e+02 1.6450538e+03 4.2219943e+02 9.9876750e-01]
 [1.6509692e+02 3.6224036e+02 1.8990076e+02 4.8323523e+02 9.9870932e-01]
 [4.5927161e+02 1.5736131e+02 5.2032153e+02 2.4519182e+02 9.9838257e-01]
 [3.0026382e+02 3.3584888e+02 3.3812888e+02 4.7371371e+02 9.9819320e-01]
 [8.9421228e+02 1.7074367e+02 9.4140552e+02 2.6477850e+02 9.9793196e-01]
 [7.8958850e+02 7.4847491e+02 8.2670398e+02 9.1826276e+02 9.8204249e-01]]
D:/code/sort_xin/data/split_image/1_0039.png [[1.6589594e+03 2.8891232e+02 1.7180292e+03 3.5984299e+02 9.9943751e-01]
 [2.0586462e+02 2.0478185e+02 2.5818643e+02 2.9273322e+02 9.9921679e-01]
 [8.4824371e+02 1.4755148e+02 8.8566937e+02 2.6245908e+02 9.9899143e-01]
 [5.8899902e+02 4.1513797e+02 6.1993311e+02 5.4936865e+02 9.9891055e-01]
 [8.7022577e+02 2.3520522e+02 9.4622424e+02 3.2810455e+02 9.9890935e-01]
 [6.3021252e+02 1.4477257e+02 6.7276074e+02 2.4078592e+02 9.9879682e-01]
 [1.1225193e+03 1.7385664e+02 1.1713661e+03 2.7119098e+02 9.9879324e-01]
 [1.6005493e+03 3.2109149e+02 1.6450286e+03 4.2222415e+02 9.9876094e-01]
 [1.6503485e+02 3.6310257e+02 1.9012344e+02 4.8203687e+02 9.9868757e-01]
 [4.5934610e+02 1.5734085e+02 5.2032336e+02 2.4526717e+02 9.9836427e-01]
 [3.0024194e+02 3.3600543e+02 3.3805701e+02 4.7377997e+02 9.9816656e-01]
 [8.9414862e+02 1.7077119e+02 9.4140692e+02 2.6476218e+02 9.9799097e-01]
 [7.8958868e+02 7.4850989e+02 8.2667798e+02 9.1815253e+02 9.8199040e-01]]
D:/code/sort_xin/data/split_image/1_0040.png [[1.6591139e+03 2.8903268e+02 1.7179221e+03 3.5935928e+02 9.9941492e-01]
 [2.0514662e+02 2.0445819e+02 2.5783624e+02 2.9247842e+02 9.9920577e-01]
 [1.6528564e+02 3.6356516e+02 1.8965710e+02 4.8345792e+02 9.9898773e-01]
 [5.8906073e+02 4.1491013e+02 6.2007184e+02 5.4954242e+02 9.9895549e-01]
 [8.4754150e+02 1.5157909e+02 8.8688165e+02 2.6422256e+02 9.9893421e-01]
 [8.6998590e+02 2.3609319e+02 9.4671814e+02 3.2895596e+02 9.9877459e-01]
 [6.3120734e+02 1.4385986e+02 6.7212616e+02 2.3925960e+02 9.9875653e-01]
 [1.1229371e+03 1.7465170e+02 1.1718732e+03 2.7139166e+02 9.9853909e-01]
 [8.9419220e+02 1.7046426e+02 9.4145789e+02 2.6532791e+02 9.9833101e-01]
 [3.0021051e+02 3.3619955e+02 3.3798944e+02 4.7386447e+02 9.9821258e-01]
 [4.6524966e+02 1.5679570e+02 5.2009857e+02 2.5029555e+02 9.9662292e-01]
 [1.6019791e+03 3.1990067e+02 1.6455507e+03 4.2223911e+02 9.9587339e-01]
 [7.8980023e+02 7.4743842e+02 8.2698828e+02 9.1808704e+02 9.8263711e-01]]
D:/code/sort_xin/data/split_image/1_0041.png [[1.6586184e+03 2.8960220e+02 1.7204501e+03 3.6051135e+02 9.9924088e-01]
 [2.0550455e+02 2.0465596e+02 2.5772565e+02 2.9214661e+02 9.9909925e-01]
 [5.8915582e+02 4.1497266e+02 6.2011859e+02 5.4942853e+02 9.9894971e-01]
 [8.4729498e+02 1.5140102e+02 8.8633868e+02 2.6446857e+02 9.9890971e-01]
 [1.6537830e+02 3.6379315e+02 1.8969456e+02 4.8388330e+02 9.9890971e-01]
 [6.3117944e+02 1.4396822e+02 6.7213287e+02 2.3922833e+02 9.9875426e-01]
 [8.7003918e+02 2.3600874e+02 9.4684424e+02 3.2904791e+02 9.9875104e-01]
 [1.1235048e+03 1.7656073e+02 1.1723734e+03 2.7313361e+02 9.9872202e-01]
 [1.6025908e+03 3.2103894e+02 1.6454479e+03 4.2224649e+02 9.9852401e-01]
 [8.9419855e+02 1.7052998e+02 9.4154126e+02 2.6526215e+02 9.9836189e-01]
 [3.0130286e+02 3.3797256e+02 3.3552438e+02 4.7280719e+02 9.9817359e-01]
 [4.6905038e+02 1.5662280e+02 5.1938226e+02 2.5233043e+02 9.9570101e-01]
 [7.8979681e+02 7.4724561e+02 8.2715576e+02 9.1813678e+02 9.8403674e-01]]
D:/code/sort_xin/data/split_image/1_0042.png [[1.6588816e+03 2.8943478e+02 1.7205516e+03 3.6003430e+02 9.9922240e-01]
 [2.0569366e+02 2.0470354e+02 2.5754303e+02 2.9183698e+02 9.9910349e-01]
 [5.8908716e+02 4.1520514e+02 6.2038477e+02 5.4943976e+02 9.9900419e-01]
 [8.4844653e+02 1.4916187e+02 8.8407208e+02 2.6484100e+02 9.9881625e-01]
 [6.3117108e+02 1.4401543e+02 6.7219757e+02 2.3930457e+02 9.9876642e-01]
 [1.6538487e+02 3.6356183e+02 1.8969424e+02 4.8415189e+02 9.9873692e-01]
 [8.7005328e+02 2.3603723e+02 9.4669580e+02 3.2912360e+02 9.9866831e-01]
 [8.9427887e+02 1.7055135e+02 9.4156287e+02 2.6533551e+02 9.9842000e-01]
 [3.0129453e+02 3.3864902e+02 3.3582590e+02 4.7295630e+02 9.9827945e-01]
 [1.1237545e+03 1.7584615e+02 1.1720950e+03 2.7151212e+02 9.9819285e-01]
 [1.6027030e+03 3.1996185e+02 1.6454692e+03 4.2256204e+02 9.9584156e-01]
 [4.7212222e+02 1.5715880e+02 5.1870111e+02 2.5399776e+02 9.9514502e-01]
 [7.8990851e+02 7.4717047e+02 8.2723145e+02 9.1807782e+02 9.8485118e-01]]
D:/code/sort_xin/data/split_image/1_0043.png [[1.6596586e+03 2.8891168e+02 1.7175789e+03 3.5857858e+02 9.9938262e-01]
 [2.0542976e+02 2.0466898e+02 2.5735834e+02 2.9200012e+02 9.9903935e-01]
 [5.8930652e+02 4.1505725e+02 6.2059698e+02 5.4934717e+02 9.9899608e-01]
 [1.6538680e+02 3.6388287e+02 1.8962566e+02 4.8409094e+02 9.9889600e-01]
 [8.4716339e+02 1.5185567e+02 8.8402637e+02 2.6410373e+02 9.9879897e-01]
 [6.3113147e+02 1.4406599e+02 6.7218469e+02 2.3924434e+02 9.9879444e-01]
 [1.6027570e+03 3.2117282e+02 1.6455809e+03 4.2225778e+02 9.9861264e-01]
 [8.6987183e+02 2.3584938e+02 9.4692297e+02 3.2932529e+02 9.9860758e-01]
 [8.9405200e+02 1.7051237e+02 9.4155731e+02 2.6531073e+02 9.9841106e-01]
 [3.0134717e+02 3.3874405e+02 3.3575159e+02 4.7335199e+02 9.9829239e-01]
 [1.1237817e+03 1.7657535e+02 1.1721814e+03 2.7171036e+02 9.9788910e-01]
 [4.7864417e+02 1.5828876e+02 5.1694153e+02 2.5572580e+02 9.9693692e-01]
 [7.8991852e+02 7.4718890e+02 8.2711700e+02 9.1807623e+02 9.8505974e-01]]
D:/code/sort_xin/data/split_image/1_0044.png [[1.6594996e+03 2.8900027e+02 1.7175469e+03 3.5864819e+02 9.9937361e-01]
 [5.8932764e+02 4.1520779e+02 6.2053925e+02 5.4932281e+02 9.9900961e-01]
 [2.0540419e+02 2.0482381e+02 2.5719492e+02 2.9235074e+02 9.9894542e-01]
 [1.6545622e+02 3.6387042e+02 1.8961337e+02 4.8419302e+02 9.9887961e-01]
 [8.4721771e+02 1.5211073e+02 8.8405975e+02 2.6412390e+02 9.9875033e-01]
 [6.3097400e+02 1.4384090e+02 6.7223120e+02 2.4037505e+02 9.9874711e-01]
 [8.6984833e+02 2.3588647e+02 9.4694312e+02 3.2935916e+02 9.9860817e-01]
 [1.6027366e+03 3.2099768e+02 1.6455106e+03 4.2221506e+02 9.9857652e-01]
 [8.9404785e+02 1.7047630e+02 9.4157904e+02 2.6545255e+02 9.9838746e-01]
 [3.0130368e+02 3.3870325e+02 3.3579419e+02 4.7350919e+02 9.9832755e-01]
 [1.1236608e+03 1.7655685e+02 1.1722029e+03 2.7175790e+02 9.9793398e-01]
 [4.7863480e+02 1.5833289e+02 5.1696484e+02 2.5573723e+02 9.9701858e-01]
 [7.8995203e+02 7.4702069e+02 8.2731488e+02 9.1811353e+02 9.8505670e-01]]
D:/code/sort_xin/data/split_image/1_0045.png [[1.6586991e+03 2.8960291e+02 1.7205717e+03 3.6010391e+02 9.9920207e-01]
 [5.8985754e+02 4.1509073e+02 6.2105573e+02 5.4928601e+02 9.9901187e-01]
 [1.6551299e+02 3.6404993e+02 1.8958368e+02 4.8396219e+02 9.9893695e-01]
 [8.6959875e+02 2.3593022e+02 9.4704218e+02 3.2957401e+02 9.9878496e-01]
 [6.3091205e+02 1.4379805e+02 6.7229828e+02 2.4039868e+02 9.9872309e-01]
 [2.0541687e+02 2.0542204e+02 2.5695584e+02 2.9231555e+02 9.9866140e-01]
 [3.0122940e+02 3.3864490e+02 3.3622650e+02 4.7250995e+02 9.9861372e-01]
 [1.6027926e+03 3.2153339e+02 1.6455607e+03 4.2208517e+02 9.9846882e-01]
 [8.9385638e+02 1.7048523e+02 9.4155164e+02 2.6568594e+02 9.9826992e-01]
 [8.4682306e+02 1.5308974e+02 8.8328058e+02 2.6648663e+02 9.9804747e-01]
 [1.1246648e+03 1.7787294e+02 1.1720883e+03 2.7224350e+02 9.9723935e-01]
 [4.7919757e+02 1.5925893e+02 5.1541345e+02 2.5759372e+02 9.9689424e-01]
 [7.8987836e+02 7.4718677e+02 8.2720691e+02 9.1809894e+02 9.8569632e-01]]
D:/code/sort_xin/data/split_image/1_0046.png [[1.6586097e+03 2.8957303e+02 1.7202422e+03 3.6031860e+02 9.9917918e-01]
 [5.8998456e+02 4.1496616e+02 6.2125055e+02 5.4988715e+02 9.9902225e-01]
 [1.6560570e+02 3.6434567e+02 1.8963412e+02 4.8376962e+02 9.9894971e-01]
 [6.3005145e+02 1.4459760e+02 6.7286096e+02 2.4094229e+02 9.9889934e-01]
 [2.0550945e+02 2.0554636e+02 2.5690683e+02 2.9216122e+02 9.9867731e-01]
 [3.0120416e+02 3.3871909e+02 3.3642346e+02 4.7254932e+02 9.9865025e-01]
 [8.6965442e+02 2.3617213e+02 9.4692871e+02 3.2991119e+02 9.9859875e-01]
 [8.9390955e+02 1.7037994e+02 9.4154205e+02 2.6584262e+02 9.9819261e-01]
 [8.4666901e+02 1.5420604e+02 8.8415900e+02 2.6653479e+02 9.9753392e-01]
 [1.1244364e+03 1.7817644e+02 1.1717780e+03 2.7206668e+02 9.9737251e-01]
 [4.7947131e+02 1.5928612e+02 5.1551550e+02 2.5778500e+02 9.9697375e-01]
 [1.6026675e+03 3.2095694e+02 1.6461951e+03 4.2201929e+02 9.9580342e-01]
 [7.8988812e+02 7.4738611e+02 8.2703839e+02 9.1826575e+02 9.8748827e-01]]
D:/code/sort_xin/data/split_image/1_0047.png [[1.6593763e+03 2.8897397e+02 1.7170657e+03 3.5869592e+02 9.9932337e-01]
 [5.9019366e+02 4.1505765e+02 6.2141614e+02 5.4977502e+02 9.9907959e-01]
 [1.6562727e+02 3.6494397e+02 1.8988805e+02 4.8363733e+02 9.9883884e-01]
 [6.3082574e+02 1.4383878e+02 6.7236536e+02 2.4036826e+02 9.9871969e-01]
 [8.6958606e+02 2.3621538e+02 9.4690594e+02 3.3023572e+02 9.9857032e-01]
 [2.0534889e+02 2.0560896e+02 2.5678848e+02 2.9227203e+02 9.9835652e-01]
 [3.0128821e+02 3.3904132e+02 3.3608606e+02 4.7334091e+02 9.9832660e-01]
 [8.9320898e+02 1.7091475e+02 9.4092902e+02 2.6746564e+02 9.9803418e-01]
 [8.4668347e+02 1.5532346e+02 8.8395959e+02 2.6729059e+02 9.9781430e-01]
 [1.1242793e+03 1.7838988e+02 1.1718057e+03 2.7232895e+02 9.9734664e-01]
 [4.7964188e+02 1.5988269e+02 5.1526093e+02 2.5825818e+02 9.9731892e-01]
 [1.6014956e+03 3.1949356e+02 1.6452311e+03 4.2179507e+02 9.9605858e-01]
 [7.8992480e+02 7.4792737e+02 8.2711743e+02 9.1824268e+02 9.8686242e-01]]
D:/code/sort_xin/data/split_image/1_0048.png [[1.6586942e+03 2.8941882e+02 1.7197034e+03 3.6030646e+02 9.9920952e-01]
 [5.8806799e+02 4.1671588e+02 6.2272748e+02 5.4859375e+02 9.9889332e-01]
 [6.3085120e+02 1.4390681e+02 6.7238892e+02 2.4034938e+02 9.9873227e-01]
 [3.0128061e+02 3.3871783e+02 3.3643094e+02 4.7249326e+02 9.9866712e-01]
 [1.6572505e+02 3.6559918e+02 1.9009192e+02 4.8320956e+02 9.9858367e-01]
 [8.6936578e+02 2.3623186e+02 9.4693231e+02 3.3062152e+02 9.9855572e-01]
 [2.0478371e+02 2.0535861e+02 2.5677679e+02 2.9232352e+02 9.9837768e-01]
 [8.4694666e+02 1.5512535e+02 8.8413879e+02 2.6851877e+02 9.9825519e-01]
 [8.9395526e+02 1.7033186e+02 9.4139484e+02 2.6633395e+02 9.9811673e-01]
 [4.7944955e+02 1.5959167e+02 5.1475702e+02 2.5893024e+02 9.9797589e-01]
 [1.1240186e+03 1.7873895e+02 1.1717070e+03 2.7247949e+02 9.9741733e-01]
 [1.6025212e+03 3.1915833e+02 1.6445962e+03 4.2182715e+02 9.9614620e-01]
 [7.8995416e+02 7.4816425e+02 8.2712872e+02 9.1817249e+02 9.8672444e-01]]
D:/code/sort_xin/data/split_image/1_0049.png [[1.6591910e+03 2.8894812e+02 1.7168076e+03 3.5895065e+02 9.9931109e-01]
 [5.8810553e+02 4.1677524e+02 6.2266620e+02 5.4861768e+02 9.9889743e-01]
 [6.3084027e+02 1.4394655e+02 6.7241669e+02 2.4034204e+02 9.9876344e-01]
 [1.6577896e+02 3.6543085e+02 1.9009750e+02 4.8325278e+02 9.9859244e-01]
 [8.6942004e+02 2.3609785e+02 9.4695068e+02 3.3060648e+02 9.9850070e-01]
 [3.0132852e+02 3.3900397e+02 3.3612305e+02 4.7349994e+02 9.9834549e-01]
 [8.4698761e+02 1.5523499e+02 8.8404663e+02 2.6836877e+02 9.9825686e-01]
 [2.0511194e+02 2.0549121e+02 2.5659897e+02 2.9255975e+02 9.9810755e-01]
 [8.9393219e+02 1.7091498e+02 9.4070709e+02 2.6727100e+02 9.9807042e-01]
 [4.7941666e+02 1.5951294e+02 5.1469281e+02 2.5895010e+02 9.9782109e-01]
 [1.1239619e+03 1.7871732e+02 1.1717317e+03 2.7237286e+02 9.9739122e-01]
 [1.6007698e+03 3.1947687e+02 1.6448678e+03 4.2208157e+02 9.9671078e-01]
 [7.8999158e+02 7.4819501e+02 8.2707489e+02 9.1814050e+02 9.8685557e-01]]
D:/code/sort_xin/data/split_image/1_0050.png [[1.6591547e+03 2.8894107e+02 1.7167902e+03 3.5896652e+02 9.9933285e-01]
 [1.5993871e+03 3.2006076e+02 1.6443878e+03 4.2208981e+02 9.9898869e-01]
 [5.9063007e+02 4.1652454e+02 6.2175812e+02 5.5030548e+02 9.9897134e-01]
 [6.3037720e+02 1.4388390e+02 6.7219800e+02 2.4098405e+02 9.9874723e-01]
 [1.6582387e+02 3.6548087e+02 1.9008167e+02 4.8346332e+02 9.9861467e-01]
 [2.0489044e+02 2.0509416e+02 2.5669858e+02 2.9234622e+02 9.9855393e-01]
 [8.6911163e+02 2.3632748e+02 9.4682617e+02 3.3116064e+02 9.9837071e-01]
 [3.0148734e+02 3.3948029e+02 3.3603418e+02 4.7338843e+02 9.9834728e-01]
 [8.9379553e+02 1.7078354e+02 9.4060638e+02 2.6756714e+02 9.9814796e-01]
 [8.4663666e+02 1.5550073e+02 8.8357263e+02 2.6924097e+02 9.9796069e-01]
 [1.1235582e+03 1.7815022e+02 1.1710984e+03 2.7226938e+02 9.9763954e-01]
 [4.7837067e+02 1.5913991e+02 5.1380389e+02 2.6028101e+02 9.9346018e-01]
 [7.9001392e+02 7.4868365e+02 8.2706451e+02 9.1826917e+02 9.8770893e-01]]
D:/code/sort_xin/data/split_image/1_0051.png [[1.6591071e+03 2.8889127e+02 1.7167900e+03 3.5909320e+02 9.9932849e-01]
 [1.5977692e+03 3.1978537e+02 1.6440752e+03 4.2200812e+02 9.9914539e-01]
 [5.9061908e+02 4.1714273e+02 6.2174017e+02 5.5041534e+02 9.9903536e-01]
 [6.3027429e+02 1.4395094e+02 6.7215674e+02 2.4102254e+02 9.9875653e-01]
 [2.0495526e+02 2.0504756e+02 2.5684824e+02 2.9235385e+02 9.9866986e-01]
 [1.6580527e+02 3.6543100e+02 1.9012570e+02 4.8351312e+02 9.9862683e-01]
 [3.0148541e+02 3.3960556e+02 3.3645081e+02 4.7354507e+02 9.9845850e-01]
 [1.1221628e+03 1.7711995e+02 1.1715931e+03 2.7152966e+02 9.9829179e-01]
 [8.6903284e+02 2.3646428e+02 9.4685504e+02 3.3144354e+02 9.9825591e-01]
 [8.9379456e+02 1.7081377e+02 9.4055756e+02 2.6762021e+02 9.9816436e-01]
 [8.4630438e+02 1.5636676e+02 8.8282080e+02 2.6889508e+02 9.9810302e-01]
 [4.7743057e+02 1.5862975e+02 5.1409863e+02 2.6051526e+02 9.9186397e-01]
 [7.9002789e+02 7.4898944e+02 8.2714813e+02 9.1825079e+02 9.8736066e-01]]
D:/code/sort_xin/data/split_image/1_0052.png [[1.6591005e+03 2.8895151e+02 1.7168204e+03 3.5914432e+02 9.9932051e-01]
 [1.5968385e+03 3.2034204e+02 1.6433781e+03 4.2262036e+02 9.9922919e-01]
 [5.9066168e+02 4.1755255e+02 6.2184937e+02 5.5025275e+02 9.9903536e-01]
 [6.2952496e+02 1.4496181e+02 6.7328741e+02 2.4107698e+02 9.9901521e-01]
 [2.0513412e+02 2.0500816e+02 2.5691885e+02 2.9236237e+02 9.9881196e-01]
 [3.0135532e+02 3.3952374e+02 3.3728928e+02 4.7274414e+02 9.9879682e-01]
 [1.6583893e+02 3.6546918e+02 1.9019653e+02 4.8345480e+02 9.9863631e-01]
 [1.1223324e+03 1.7752034e+02 1.1718748e+03 2.7308432e+02 9.9861896e-01]
 [8.6901703e+02 2.3663031e+02 9.4644220e+02 3.3168881e+02 9.9825579e-01]
 [8.9381744e+02 1.7070715e+02 9.4063123e+02 2.6770444e+02 9.9817419e-01]
 [8.4654620e+02 1.5708731e+02 8.8272650e+02 2.6911002e+02 9.9799663e-01]
 [4.7274475e+02 1.6102301e+02 5.1652814e+02 2.5987241e+02 9.9271661e-01]
 [7.9002081e+02 7.4923242e+02 8.2711005e+02 9.1839008e+02 9.8769569e-01]]
D:/code/sort_xin/data/split_image/1_0053.png [[1.6589496e+03 2.8903867e+02 1.7167283e+03 3.5917020e+02 9.9930739e-01]
 [1.5960408e+03 3.2336328e+02 1.6427540e+03 4.2347729e+02 9.9910873e-01]
 [6.2954120e+02 1.4487946e+02 6.7294391e+02 2.4140630e+02 9.9896014e-01]
 [1.1216736e+03 1.7592712e+02 1.1708192e+03 2.7037378e+02 9.9888581e-01]
 [3.0120651e+02 3.4069562e+02 3.3691113e+02 4.7312369e+02 9.9888521e-01]
 [2.0529465e+02 2.0500327e+02 2.5693033e+02 2.9249411e+02 9.9884939e-01]
 [1.6589513e+02 3.6518323e+02 1.9025775e+02 4.8335535e+02 9.9865973e-01]
 [5.8878162e+02 4.1968082e+02 6.2333020e+02 5.4930133e+02 9.9849653e-01]
 [8.9330817e+02 1.7100151e+02 9.4113702e+02 2.6821133e+02 9.9809116e-01]
 [8.4660706e+02 1.5736055e+02 8.8268378e+02 2.6937204e+02 9.9807441e-01]
 [8.6884808e+02 2.3681636e+02 9.4621802e+02 3.3198950e+02 9.9805778e-01]
 [4.7245969e+02 1.6079477e+02 5.1577991e+02 2.6174915e+02 9.8942155e-01]
 [7.8807379e+02 7.4962201e+02 8.2637012e+02 9.1576636e+02 9.8751289e-01]]
D:/code/sort_xin/data/split_image/1_0054.png [[1.6589697e+03 2.8904507e+02 1.7166791e+03 3.5906287e+02 9.9929297e-01]
 [1.5958741e+03 3.2375320e+02 1.6427174e+03 4.2341364e+02 9.9906915e-01]
 [5.9074152e+02 4.1812885e+02 6.2188062e+02 5.5041663e+02 9.9897361e-01]
 [6.2940625e+02 1.4485588e+02 6.7299841e+02 2.4152715e+02 9.9896455e-01]
 [3.0129242e+02 3.4075375e+02 3.3686551e+02 4.7321008e+02 9.9890006e-01]
 [1.1217365e+03 1.7586671e+02 1.1707296e+03 2.7023322e+02 9.9887103e-01]
 [1.6590845e+02 3.6512411e+02 1.9020990e+02 4.8334177e+02 9.9867415e-01]
 [2.0491493e+02 2.0498940e+02 2.5683472e+02 2.9253510e+02 9.9866843e-01]
 [8.9325946e+02 1.7104265e+02 9.4110291e+02 2.6819980e+02 9.9812347e-01]
 [8.6883972e+02 2.3690300e+02 9.4619806e+02 3.3205768e+02 9.9807477e-01]
 [8.4664117e+02 1.5735574e+02 8.8269342e+02 2.6929297e+02 9.9803656e-01]
 [4.7201752e+02 1.6087524e+02 5.1577997e+02 2.6173209e+02 9.8909122e-01]
 [7.8809656e+02 7.4955157e+02 8.2646814e+02 9.1576154e+02 9.8642981e-01]]
D:/code/sort_xin/data/split_image/1_0055.png [[1.6578726e+03 2.8957074e+02 1.7196223e+03 3.6068860e+02 9.9913472e-01]
 [3.0142203e+02 3.4265417e+02 3.3651035e+02 4.7723944e+02 9.9903727e-01]
 [1.1210604e+03 1.7490129e+02 1.1698795e+03 2.7060559e+02 9.9899369e-01]
 [6.2933228e+02 1.4462131e+02 6.7292230e+02 2.4165845e+02 9.9893349e-01]
 [5.9087482e+02 4.1937366e+02 6.2183899e+02 5.5105743e+02 9.9882835e-01]
 [1.6589622e+02 3.6612851e+02 1.9005606e+02 4.8329022e+02 9.9870574e-01]
 [2.0420845e+02 2.0509909e+02 2.5655521e+02 2.9250449e+02 9.9836868e-01]
 [8.6864948e+02 2.3688408e+02 9.4599689e+02 3.3216595e+02 9.9818605e-01]
 [8.9377039e+02 1.6995702e+02 9.4161652e+02 2.6844849e+02 9.9808997e-01]
 [1.5954563e+03 3.2667746e+02 1.6414783e+03 4.2388937e+02 9.9762148e-01]
 [8.4666876e+02 1.6054671e+02 8.8340039e+02 2.6957181e+02 9.9758911e-01]
 [4.6590469e+02 1.6168922e+02 5.1618243e+02 2.5963696e+02 9.9123704e-01]
 [7.9000415e+02 7.4943372e+02 8.2749506e+02 9.1866730e+02 9.8608321e-01]]
D:/code/sort_xin/data/split_image/1_0056.png [[3.0216705e+02 3.4546826e+02 3.3771362e+02 4.8005869e+02 9.9915361e-01]
 [1.6577653e+03 2.8952765e+02 1.7195682e+03 3.6071967e+02 9.9911290e-01]
 [6.3033655e+02 1.4390736e+02 6.7156635e+02 2.4105336e+02 9.9904639e-01]
 [1.6588763e+02 3.6613376e+02 1.9006310e+02 4.8338599e+02 9.9872053e-01]
 [1.1212172e+03 1.7504796e+02 1.1703875e+03 2.7152505e+02 9.9859184e-01]
 [2.0430679e+02 2.0500775e+02 2.5649725e+02 2.9251529e+02 9.9834085e-01]
 [5.9117316e+02 4.2043094e+02 6.2409369e+02 5.5077350e+02 9.9824536e-01]
 [8.6847882e+02 2.3672568e+02 9.4615295e+02 3.3281583e+02 9.9811518e-01]
 [8.9388092e+02 1.7029561e+02 9.4159058e+02 2.6850845e+02 9.9804014e-01]
 [8.4691125e+02 1.6064757e+02 8.8234161e+02 2.7005093e+02 9.9799949e-01]
 [1.5949763e+03 3.2750659e+02 1.6413461e+03 4.2433438e+02 9.9748564e-01]
 [4.6709451e+02 1.6012071e+02 5.1425128e+02 2.6244635e+02 9.9245280e-01]
 [7.8985773e+02 7.4948407e+02 8.2770233e+02 9.1869586e+02 9.8587251e-01]]
D:/code/sort_xin/data/split_image/1_0057.png [[3.0209607e+02 3.4747763e+02 3.3720343e+02 4.8179401e+02 9.9927360e-01]
 [1.6578459e+03 2.8953802e+02 1.7195599e+03 3.6064703e+02 9.9910647e-01]
 [6.2922235e+02 1.4467070e+02 6.7265515e+02 2.4175319e+02 9.9904317e-01]
 [1.6587624e+02 3.6592368e+02 1.9001581e+02 4.8341989e+02 9.9875581e-01]
 [2.0430125e+02 2.0498128e+02 2.5637729e+02 2.9248306e+02 9.9841011e-01]
 [1.1211985e+03 1.7474054e+02 1.1703594e+03 2.7139511e+02 9.9840575e-01]
 [5.8964764e+02 4.2101761e+02 6.2327411e+02 5.5006232e+02 9.9823219e-01]
 [8.4675146e+02 1.6092430e+02 8.8199774e+02 2.7057138e+02 9.9817443e-01]
 [8.9397351e+02 1.7025977e+02 9.4192963e+02 2.6853772e+02 9.9812800e-01]
 [8.6614697e+02 2.3684653e+02 9.4597986e+02 3.3107614e+02 9.9810165e-01]
 [1.5948380e+03 3.2676556e+02 1.6410822e+03 4.2439386e+02 9.9716908e-01]
 [4.7331125e+02 1.5848547e+02 5.1326764e+02 2.6334155e+02 9.9427807e-01]
 [7.8983179e+02 7.4968774e+02 8.2772137e+02 9.1866956e+02 9.8568964e-01]]
D:/code/sort_xin/data/split_image/1_0058.png [[3.0175098e+02 3.4788126e+02 3.3696512e+02 4.8288766e+02 9.9933100e-01]
 [6.2900537e+02 1.4462434e+02 6.7268164e+02 2.4181401e+02 9.9918634e-01]
 [1.6578180e+03 2.8949115e+02 1.7196860e+03 3.6055191e+02 9.9910849e-01]
 [1.6588586e+02 3.6588092e+02 1.9002982e+02 4.8349799e+02 9.9876791e-01]
 [1.1211951e+03 1.7478119e+02 1.1704503e+03 2.7159869e+02 9.9849010e-01]
 [2.0417499e+02 2.0504462e+02 2.5621240e+02 2.9252133e+02 9.9845016e-01]
 [8.4666858e+02 1.6092569e+02 8.8168579e+02 2.7183887e+02 9.9829942e-01]
 [8.9441614e+02 1.7048203e+02 9.4209271e+02 2.6687796e+02 9.9812144e-01]
 [5.9145935e+02 4.2087732e+02 6.2438354e+02 5.5076691e+02 9.9809474e-01]
 [1.5952322e+03 3.2926682e+02 1.6414281e+03 4.2472299e+02 9.9768019e-01]
 [8.6790643e+02 2.3727820e+02 9.4679779e+02 3.3354709e+02 9.9765575e-01]
 [4.7640366e+02 1.5767793e+02 5.1248914e+02 2.6329105e+02 9.9692923e-01]
 [7.8985303e+02 7.4986877e+02 8.2778894e+02 9.1853650e+02 9.8389256e-01]]
D:/code/sort_xin/data/split_image/1_0059.png [[3.0174142e+02 3.4791391e+02 3.3697528e+02 4.8286136e+02 9.9933416e-01]
 [6.2898712e+02 1.4457921e+02 6.7259918e+02 2.4189412e+02 9.9919170e-01]
 [1.6577576e+03 2.8952695e+02 1.7196874e+03 3.6057437e+02 9.9910384e-01]
 [1.6588524e+02 3.6580045e+02 1.9001636e+02 4.8364182e+02 9.9883479e-01]
 [1.1212089e+03 1.7486168e+02 1.1704791e+03 2.7166595e+02 9.9852800e-01]
 [2.0412657e+02 2.0501340e+02 2.5621210e+02 2.9230264e+02 9.9850994e-01]
 [8.4670367e+02 1.6090349e+02 8.8165387e+02 2.7189529e+02 9.9831843e-01]
 [5.9145361e+02 4.2093063e+02 6.2441986e+02 5.5077350e+02 9.9810350e-01]
 [8.9420459e+02 1.7045657e+02 9.4187115e+02 2.6856149e+02 9.9808395e-01]
 [8.6789062e+02 2.3729611e+02 9.4678845e+02 3.3356110e+02 9.9764508e-01]
 [1.5948745e+03 3.2790695e+02 1.6413301e+03 4.2491708e+02 9.9739730e-01]
 [4.7634088e+02 1.5769478e+02 5.1246960e+02 2.6325494e+02 9.9671715e-01]
 [7.8986017e+02 7.4991077e+02 8.2773505e+02 9.1858575e+02 9.8403305e-01]]
D:/code/sort_xin/data/split_image/1_0060.png [[1.6567759e+03 2.9014087e+02 1.7181702e+03 3.5863992e+02 9.9921072e-01]
 [3.0152802e+02 3.4962433e+02 3.3605112e+02 4.8393494e+02 9.9914181e-01]
 [1.1211122e+03 1.7457860e+02 1.1698826e+03 2.6973877e+02 9.9896526e-01]
 [8.4677594e+02 1.6008591e+02 8.8121252e+02 2.7498740e+02 9.9874830e-01]
 [1.6598595e+02 3.6592145e+02 1.8984953e+02 4.8361554e+02 9.9873966e-01]
 [6.2959503e+02 1.4442395e+02 6.7160736e+02 2.4099394e+02 9.9854892e-01]
 [2.0462781e+02 2.0525755e+02 2.5639560e+02 2.9230325e+02 9.9847633e-01]
 [5.9361871e+02 4.2049725e+02 6.2516949e+02 5.5065845e+02 9.9828702e-01]
 [8.9424646e+02 1.7033339e+02 9.4256689e+02 2.6800397e+02 9.9824202e-01]
 [8.6456256e+02 2.3702158e+02 9.4839532e+02 3.3223041e+02 9.9800342e-01]
 [1.5962412e+03 3.3250452e+02 1.6403495e+03 4.2166541e+02 9.9792337e-01]
 [4.7635004e+02 1.5911723e+02 5.1259137e+02 2.6171796e+02 9.9708503e-01]
 [7.8963782e+02 7.4956653e+02 8.2795630e+02 9.1875104e+02 9.8684365e-01]]
D:/code/sort_xin/data/split_image/1_0061.png [[1.6561453e+03 2.8888385e+02 1.7204843e+03 3.5864673e+02 9.9938440e-01]
 [3.0162241e+02 3.4965622e+02 3.3623505e+02 4.8521451e+02 9.9919647e-01]
 [6.2879169e+02 1.4477127e+02 6.7236121e+02 2.4165196e+02 9.9908400e-01]
 [1.6585994e+02 3.6602280e+02 1.8961807e+02 4.8341229e+02 9.9877709e-01]
 [5.9372601e+02 4.2039169e+02 6.2544250e+02 5.5091156e+02 9.9853945e-01]
 [1.1209637e+03 1.7313434e+02 1.1690853e+03 2.7045981e+02 9.9852461e-01]
 [8.9458624e+02 1.7068102e+02 9.4287396e+02 2.6780380e+02 9.9847978e-01]
 [1.5963402e+03 3.3272943e+02 1.6402698e+03 4.2241080e+02 9.9846220e-01]
 [8.4658966e+02 1.5974757e+02 8.8136102e+02 2.7665656e+02 9.9838102e-01]
 [2.0336789e+02 2.0450612e+02 2.5656763e+02 2.9132712e+02 9.9822563e-01]
 [8.6465656e+02 2.3637968e+02 9.4879962e+02 3.3281161e+02 9.9789929e-01]
 [4.7710257e+02 1.5957822e+02 5.1159366e+02 2.6130649e+02 9.9674964e-01]
 [7.8937439e+02 7.5011731e+02 8.2813470e+02 9.1892816e+02 9.8813266e-01]]
D:/code/sort_xin/data/split_image/1_0062.png [[1.6562288e+03 2.8886383e+02 1.7206547e+03 3.5854395e+02 9.9940276e-01]
 [3.0155920e+02 3.5049927e+02 3.3609009e+02 4.8510526e+02 9.9918514e-01]
 [6.2848267e+02 1.4558195e+02 6.7243213e+02 2.4171307e+02 9.9910212e-01]
 [1.6584033e+02 3.6581937e+02 1.8958638e+02 4.8352704e+02 9.9878556e-01]
 [1.5952283e+03 3.3087912e+02 1.6419260e+03 4.2496799e+02 9.9862301e-01]
 [5.9373395e+02 4.2040320e+02 6.2546790e+02 5.5096411e+02 9.9857044e-01]
 [1.1210377e+03 1.7310522e+02 1.1691293e+03 2.7040482e+02 9.9853253e-01]
 [8.9459705e+02 1.7067877e+02 9.4292029e+02 2.6812411e+02 9.9846065e-01]
 [8.4671393e+02 1.5908206e+02 8.8136646e+02 2.7733566e+02 9.9829382e-01]
 [2.0349512e+02 2.0470734e+02 2.5662036e+02 2.9131775e+02 9.9827743e-01]
 [8.6446387e+02 2.3650677e+02 9.4889954e+02 3.3325494e+02 9.9815851e-01]
 [4.7835373e+02 1.5976453e+02 5.1236310e+02 2.6207147e+02 9.9715960e-01]
 [7.8931616e+02 7.5015216e+02 8.2815594e+02 9.1912067e+02 9.8881346e-01]]
D:/code/sort_xin/data/split_image/1_0063.png [[1.6563093e+03 2.8895996e+02 1.7204918e+03 3.5846826e+02 9.9939775e-01]
 [6.2844489e+02 1.4562711e+02 6.7235559e+02 2.4186734e+02 9.9905246e-01]
 [3.0095181e+02 3.5144162e+02 3.3357166e+02 4.8314890e+02 9.9891651e-01]
 [1.6584486e+02 3.6572641e+02 1.8957619e+02 4.8389474e+02 9.9882740e-01]
 [1.5953320e+03 3.3150085e+02 1.6421771e+03 4.2493625e+02 9.9860865e-01]
 [5.9376019e+02 4.2041547e+02 6.2544556e+02 5.5096796e+02 9.9857974e-01]
 [8.4625433e+02 1.5986800e+02 8.8134589e+02 2.7834476e+02 9.9850696e-01]
 [1.1210636e+03 1.7305656e+02 1.1691599e+03 2.7038443e+02 9.9848300e-01]
 [8.9468207e+02 1.7065245e+02 9.4287085e+02 2.6873663e+02 9.9839216e-01]
 [2.0341051e+02 2.0503534e+02 2.5666360e+02 2.9140262e+02 9.9831629e-01]
 [8.6500427e+02 2.3459492e+02 9.4696625e+02 3.3354642e+02 9.9821544e-01]
 [4.7858069e+02 1.5857823e+02 5.1233704e+02 2.6238232e+02 9.9793786e-01]
 [7.8921216e+02 7.5011084e+02 8.2815570e+02 9.1909460e+02 9.8875308e-01]]
D:/code/sort_xin/data/split_image/1_0064.png [[1.6563745e+03 2.8896259e+02 1.7205106e+03 3.5839285e+02 9.9940407e-01]
 [6.2849341e+02 1.4546611e+02 6.7231573e+02 2.4184645e+02 9.9898237e-01]
 [3.0093832e+02 3.5139102e+02 3.3357794e+02 4.8346783e+02 9.9892610e-01]
 [1.6585844e+02 3.6573444e+02 1.8954222e+02 4.8391675e+02 9.9883956e-01]
 [5.9377582e+02 4.2058655e+02 6.2545953e+02 5.5112604e+02 9.9865675e-01]
 [1.5953053e+03 3.3173373e+02 1.6420889e+03 4.2487714e+02 9.9860305e-01]
 [8.4630621e+02 1.5971367e+02 8.8133185e+02 2.7814297e+02 9.9848652e-01]
 [1.1219240e+03 1.7381883e+02 1.1704136e+03 2.6977698e+02 9.9845350e-01]
 [2.0345114e+02 2.0512390e+02 2.5664828e+02 2.9124686e+02 9.9832910e-01]
 [8.9464636e+02 1.7071233e+02 9.4291162e+02 2.6880310e+02 9.9832362e-01]
 [8.6500555e+02 2.3460602e+02 9.4695947e+02 3.3354742e+02 9.9815792e-01]
 [4.7859747e+02 1.5846368e+02 5.1230768e+02 2.6232315e+02 9.9803203e-01]
 [7.8930420e+02 7.5009174e+02 8.2822101e+02 9.1921667e+02 9.8900080e-01]]
D:/code/sort_xin/data/split_image/1_0065.png [[1.6563622e+03 2.8891403e+02 1.7205303e+03 3.5836343e+02 9.9941099e-01]
 [3.0077747e+02 3.5230881e+02 3.3531461e+02 4.8641702e+02 9.9897885e-01]
 [6.2814349e+02 1.4551859e+02 6.7223676e+02 2.4165524e+02 9.9893445e-01]
 [1.6585265e+02 3.6599747e+02 1.8954794e+02 4.8369525e+02 9.9880898e-01]
 [8.4640887e+02 1.6066673e+02 8.8125641e+02 2.8020712e+02 9.9866951e-01]
 [5.9383813e+02 4.2068326e+02 6.2543665e+02 5.5144641e+02 9.9863440e-01]
 [1.5949901e+03 3.3190756e+02 1.6425553e+03 4.2537958e+02 9.9858141e-01]
 [1.1218635e+03 1.7382697e+02 1.1706394e+03 2.6999231e+02 9.9843162e-01]
 [2.0342000e+02 2.0505334e+02 2.5664551e+02 2.9129599e+02 9.9834275e-01]
 [8.9486456e+02 1.7065083e+02 9.4322021e+02 2.6941513e+02 9.9827838e-01]
 [8.6306702e+02 2.3692944e+02 9.4895654e+02 3.3567941e+02 9.9824166e-01]
 [4.7962384e+02 1.6094130e+02 5.1270685e+02 2.6328098e+02 9.9659449e-01]
 [7.8917236e+02 7.5004401e+02 8.2821625e+02 9.1929395e+02 9.8917961e-01]]
D:/code/sort_xin/data/split_image/1_0066.png [[1.6563766e+03 2.8866864e+02 1.7207853e+03 3.5851462e+02 9.9943084e-01]
 [8.4665979e+02 1.6125691e+02 8.8110730e+02 2.8063211e+02 9.9878198e-01]
 [8.6308221e+02 2.3700804e+02 9.4910944e+02 3.3599109e+02 9.9872583e-01]
 [3.0032086e+02 3.5401151e+02 3.3348779e+02 4.8341440e+02 9.9871504e-01]
 [1.6578429e+02 3.6606494e+02 1.8959181e+02 4.8329919e+02 9.9864060e-01]
 [6.2882635e+02 1.4450137e+02 6.7132269e+02 2.4116055e+02 9.9860853e-01]
 [5.9383801e+02 4.2079443e+02 6.2541089e+02 5.5155927e+02 9.9858439e-01]
 [1.1219003e+03 1.7384006e+02 1.1705840e+03 2.6983377e+02 9.9844897e-01]
 [2.0347231e+02 2.0503444e+02 2.5668036e+02 2.9159015e+02 9.9836808e-01]
 [1.5951211e+03 3.3213934e+02 1.6432092e+03 4.2545801e+02 9.9831581e-01]
 [8.9489435e+02 1.7063535e+02 9.4329553e+02 2.6989322e+02 9.9821556e-01]
 [4.7963138e+02 1.6043983e+02 5.1235571e+02 2.6352289e+02 9.9673092e-01]
 [7.8920081e+02 7.5000842e+02 8.2823102e+02 9.1931793e+02 9.8919106e-01]]
D:/code/sort_xin/data/split_image/1_0067.png [[1.6563215e+03 2.8866483e+02 1.7208748e+03 3.5853458e+02 9.9942833e-01]
 [8.4674500e+02 1.6139517e+02 8.8086670e+02 2.8091367e+02 9.9881941e-01]
 [3.0026862e+02 3.5443961e+02 3.3354828e+02 4.8335678e+02 9.9870765e-01]
 [2.0438319e+02 2.0607719e+02 2.5654364e+02 2.9198819e+02 9.9864846e-01]
 [6.2860602e+02 1.4459306e+02 6.7117480e+02 2.4110612e+02 9.9860615e-01]
 [8.6470728e+02 2.3619868e+02 9.4842297e+02 3.3729330e+02 9.9860162e-01]
 [1.6577180e+02 3.6638394e+02 1.8969586e+02 4.8328552e+02 9.9853730e-01]
 [1.1218583e+03 1.7380695e+02 1.1706168e+03 2.6995160e+02 9.9847883e-01]
 [5.9332098e+02 4.2090079e+02 6.2578723e+02 5.5177563e+02 9.9838173e-01]
 [8.9489569e+02 1.7072327e+02 9.4318939e+02 2.6952856e+02 9.9836141e-01]
 [1.5953763e+03 3.3159421e+02 1.6433326e+03 4.2554971e+02 9.9826437e-01]
 [4.7980396e+02 1.5993013e+02 5.1203088e+02 2.6363547e+02 9.9646533e-01]
 [7.8925232e+02 7.5019781e+02 8.2814331e+02 9.1924280e+02 9.8933601e-01]]
D:/code/sort_xin/data/split_image/1_0068.png [[1.6563872e+03 2.8859363e+02 1.7208373e+03 3.5850586e+02 9.9942327e-01]
 [8.4677179e+02 1.6169638e+02 8.8083386e+02 2.8122867e+02 9.9883395e-01]
 [3.0030225e+02 3.5438953e+02 3.3349570e+02 4.8347879e+02 9.9870038e-01]
 [8.6266473e+02 2.3932635e+02 9.4905536e+02 3.3610764e+02 9.9865097e-01]
 [2.0439816e+02 2.0607103e+02 2.5648383e+02 2.9205548e+02 9.9864632e-01]
 [6.2861029e+02 1.4457961e+02 6.7119409e+02 2.4112578e+02 9.9861741e-01]
 [8.9470288e+02 1.7059245e+02 9.4316492e+02 2.6970453e+02 9.9844980e-01]
 [1.1218546e+03 1.7367262e+02 1.1706376e+03 2.6983435e+02 9.9843043e-01]
 [1.6578514e+02 3.6610107e+02 1.8994658e+02 4.8334534e+02 9.9837303e-01]
 [5.9339764e+02 4.2106448e+02 6.2571191e+02 5.5207574e+02 9.9834561e-01]
 [1.5955120e+03 3.3176779e+02 1.6437706e+03 4.2506299e+02 9.9810350e-01]
 [4.8005493e+02 1.6030164e+02 5.1155981e+02 2.6285300e+02 9.9630272e-01]
 [7.8926501e+02 7.5006519e+02 8.2813678e+02 9.1906183e+02 9.8877090e-01]]
